37605 15197 505 1 150 650 25
37606 15194 506 1 150 650 16
37606 15191 506 1 130 650 29
37606 15190 507 1 130 650 43
37610 15189 509 1 130 650 46
37616 15189 510 1 130 650 74
37623 15188 512 1 130 650 81
37631 15187 514 1 130 650 87
37639 15187 514 1 130 650 112
37648 15187 514 1 130 650 119
37655 15186 515 1 140 660 151
37663 15186 518 1 140 660 171
37669 15187 524 1 140 660 167
37675 15190 525 1 140 660 208
37679 15193 534 1 140 660 214
37685 15200 534 1 160 660 214
37692 15209 542 1 160 660 238
37704 15221 544 1 160 660 231
37717 15234 549 1 160 660 255
37730 15247 555 1 160 660 261
37745 15261 557 1 140 660 241
37757 15276 567 1 150 670 276
37770 15290 568 1 150 670 265
37780 15305 579 1 150 670 260
37786 15321 581 1 150 670 291
37792 15337 592 1 150 670 276
37795 15354 596 1 150 670 300
37796 15369 607 1 150 670 297
37797 15389 611 1 150 670 275
37797 15410 619 1 150 670 304
37797 15436 623 1 150 670 288
37797 15463 625 1 150 670 284
37798 15489 628 1 150 670 305
37801 15516 630 1 120 680 285
37801 15540 632 1 120 680 314
37800 15566 632 1 120 680 310
37800 15589 636 1 120 680 296
37800 15613 638 1 120 680 328
37801 15642 640 1 120 680 323
37801 15669 641 1 120 680 325
37802 15698 642 1 120 680 348
37802 15727 644 1 120 680 328
37803 15756 644 1 150 670 352
37800 15785 645 1 150 670 351
37792 15813 646 1 150 680 334
37780 15842 646 1 150 680 363
37766 15870 647 1 150 680 348
37750 15897 653 1 150 680 344
37734 15930 654 1 150 680 365
37715 15968 656 1 150 680 348
37700 16005 657 1 150 680 373
37687 16043 658 1 160 690 387
37675 16086 659 1 160 690 362
37664 16123 660 1 160 690 392
37652 16163 663 1 160 690 376
37640 16203 665 1 160 690 371
37625 16240 665 1 160 690 388
37605 16280 668 1 160 690 368
37581 16315 669 1 160 690 390
37558 16349 669 1 170 700 393
37539 16381 670 1 170 700 372
37524 16404 670 1 170 700 414
37509 16425 670 1 170 700 392
37496 16439 675 1 170 700 401
37485 16451 680 1 170 700 419
37473 16463 681 1 170 700 404
37459 16473 682 1 180 710 432
37440 16488 684 1 180 710 432
37414 16510 689 1 180 710 417
37380 16536 692 1 180 710 456
37338 16571 693 1 180 710 433
37292 16621 696 1 190 720 441
37244 16666 697 1 190 720 449
37195 16702 700 1 220 720 433
37148 16728 703 1 220 720 459
37097 16749 706 1 220 720 462
37041 16768 709 1 230 730 433
36988 16782 710 1 230 730 475
36938 16794 712 1 260 720 448
36889 16806 713 1 260 720 468
36842 16816 716 1 280 730 476
36792 16825 719 1 280 730 454
36736 16834 721 1 280 730 486
36684 16840 723 1 310 730 475
36635 16843 724 1 320 740 456
36584 16846 725 1 320 740 492
36532 16847 725 1 320 740 471
36477 16848 727 1 320 740 474
36421 16845 728 1 320 740 485
36362 16839 729 1 320 740 472
36306 16833 731 1 320 740 506
36252 16828 732 1 340 740 502
36194 16825 734 1 310 750 487
36136 16822 736 1 310 750 514
36083 16817 739 1 310 750 484
36034 16812 741 1 310 750 499
35988 16802 744 1 310 750 511
35945 16788 744 1 310 750 480
35902 16770 747 1 310 750 520
35856 16745 750 1 310 750 516
35808 16714 752 1 310 750 498
35761 16673 755 1 310 750 528
35697 16616 759 1 310 750 506
35637 16558 759 1 340 740 528
35590 16511 764 1 340 740 532
35544 16472 769 1 340 740 516
35502 16436 773 1 340 740 542
35467 16398 775 1 320 740 539
35437 16356 775 1 320 740 537
35415 16315 778 1 350 730 562
35398 16278 780 1 350 730 535
35381 16234 783 1 350 730 574
35363 16193 788 1 350 730 565
35347 16154 789 1 330 720 524
35328 16112 806 1 330 720 584
35311 16075 833 1 330 720 554
35296 16048 837 1 360 720 543
35284 16020 842 1 360 720 566
35273 15990 846 1 340 710 553
35261 15961 851 1 340 710 558
35253 15931 854 1 340 710 566
35246 15896 857 1 340 710 545
35244 15857 859 1 340 710 578
35243 15812 861 1 340 710 576
35242 15764 864 1 340 710 553
35242 15712 867 1 320 700 586
35241 15656 870 1 320 700 554
35240 15598 873 1 320 700 571
35242 15534 879 1 350 700 579
35249 15467 884 1 350 700 548
35254 15398 893 1 350 700 580
35259 15329 902 1 330 690 565
35264 15264 911 1 330 690 558
35268 15207 926 1 330 690 582
35274 15154 947 1 330 690 554
35286 15095 969 1 320 680 580
35302 15039 989 1 320 680 571
35324 14984 1006 1 320 680 547
35346 14929 1026 1 300 670 597
35367 14883 1045 1 290 680 566
35390 14840 1065 1 290 680 569
35416 14800 1082 1 290 680 586
35444 14765 1097 1 290 680 566
35476 14731 1111 1 290 680 581
35511 14697 1125 1 290 680 583
35545 14665 1140 1 290 680 547
35588 14623 1160 1 290 680 591
35636 14580 1180 1 290 680 566
35677 14544 1200 1 310 690 560
35731 14500 1222 1 310 690 587
35784 14463 1240 1 310 690 556
35832 14431 1256 1 310 690 573
35880 14398 1269 1 310 690 579
35911 14373 1277 1 280 700 551
35943 14353 1283 1 280 700 582
35981 14334 1286 1 280 700 567
36025 14317 1290 1 280 700 559
36063 14308 1294 1 280 700 577
36098 14302 1296 1 270 690 549
36131 14299 1299 1 270 690 570
36163 14298 1300 1 250 690 564
36202 14295 1302 1 250 690 538
36244 14289 1305 1 240 680 571
36295 14282 1308 1 240 680 542
36346 14276 1311 1 240 680 542
36404 14267 1317 1 240 680 559
36465 14257 1324 1 210 690 534
36521 14248 1333 1 210 690 561
36574 14242 1342 1 210 690 555
36622 14238 1354 1 200 680 531
36664 14237 1364 1 200 680 567
36704 14237 1378 1 200 680 539
36744 14236 1392 1 200 680 537
36787 14233 1410 1 200 680 544
36830 14231 1434 1 200 680 510
36878 14229 1467 1 200 680 530
36928 14226 1501 1 220 670 522
36976 14225 1535 1 220 670 497
37025 14224 1568 1 220 670 526
37071 14224 1601 1 220 670 502
37117 14225 1625 1 220 670 506
37168 14224 1636 1 210 670 519
37212 14225 1645 1 240 660 492
37254 14222 1658 1 240 660 521
37286 14222 1666 1 240 660 516
37304 14222 1673 1 240 660 501
37322 14223 1674 1 240 660 538
37333 14223 1674 1 240 660 516
37345 14229 1676 1 240 660 525
37357 14242 1679 1 240 660 536
37370 14256 1681 1 210 670 511
37387 14273 1683 1 210 670 537
37402 14291 1683 1 210 670 529
37418 14309 1683 1 210 670 512
37430 14325 1685 1 210 670 540
37440 14340 1687 1 190 670 515
37453 14354 1688 1 190 670 522
37469 14372 1690 1 190 670 531
37485 14395 1691 1 190 670 508
37504 14419 1692 1 190 670 538
37525 14443 1693 1 190 670 526
37546 14467 1699 1 190 670 513
37568 14491 1708 1 200 680 538
37588 14517 1718 1 200 680 517
37608 14546 1732 1 200 680 529
37626 14577 1744 1 180 680 535
37645 14608 1758 1 180 680 503
37664 14639 1773 1 180 680 535
37679 14668 1787 1 180 680 527
37696 14696 1801 1 190 690 498
37712 14720 1817 1 190 690 526
37730 14742 1831 1 190 690 499
37748 14761 1848 1 190 690 521
37762 14775 1861 1 190 690 523
37774 14784 1876 1 190 690 494
37784 14792 1888 1 200 700 528
37793 14798 1902 1 200 700 517
37806 14805 1917 1 200 700 500
37818 14810 1930 1 200 700 530
37830 14816 1943 1 200 700 509
37844 14822 1954 1 200 700 528
37853 14830 1965 1 200 700 527
37859 14846 1974 1 200 700 497
37865 14864 1983 1 170 700 539
37871 14886 1991 1 170 700 528
37876 14916 1999 1 170 700 503
37880 14948 2006 1 170 700 534
37883 14985 2013 1 170 700 503
37883 15025 2018 1 170 700 527
37881 15062 2025 1 170 700 523
37879 15099 2030 1 160 690 489
37878 15129 2038 1 160 690 530
37878 15160 2046 1 160 690 518
37878 15191 2056 1 160 690 505
37878 15218 2064 1 160 690 536
37879 15245 2074 1 150 680 508
37880 15267 2082 1 150 680 529
37877 15288 2092 1 150 680 531
37874 15306 2100 1 150 680 502
37871 15326 2110 1 150 680 538
37870 15348 2118 1 150 680 519
37867 15369 2126 1 150 680 511
37863 15388 2132 1 150 670 534
37858 15406 2140 1 150 670 503
37852 15418 2147 1 150 670 523
37846 15431 2157 1 150 670 525
37836 15447 2166 1 150 670 491
37825 15462 2176 1 150 670 533
37816 15475 2186 1 150 670 523
37806 15489 2195 1 150 670 512
37798 15502 2207 1 150 670 538
37792 15517 2217 1 150 670 515
37787 15540 2229 1 150 680 537
37779 15563 2239 1 150 680 538
37773 15589 2254 1 150 680 511
37766 15617 2269 1 150 680 545
37758 15646 2285 1 150 680 526
37752 15677 2300 1 150 680 515
37744 15706 2315 1 150 680 539
37736 15735 2329 1 180 680 509
37728 15762 2345 1 180 680 533
37721 15786 2358 1 180 680 529
37712 15810 2369 1 180 680 501
37702 15831 2375 1 180 680 542
37693 15854 2382 1 190 690 523
37682 15880 2388 1 190 690 510
37667 15909 2394 1 190 690 539
37654 15938 2402 1 190 690 510
37642 15964 2411 1 190 690 528
37629 15987 2418 1 190 690 523
37616 16007 2419 1 190 690 499
37598 16027 2420 1 190 690 535
37576 16045 2421 1 190 690 511
37551 16068 2422 1 200 700 512
37525 16092 2422 1 200 700 529
37503 16111 2423 1 200 700 509
37479 16132 2423 1 200 700 531
37453 16152 2426 1 200 700 528
37430 16171 2426 1 200 700 505
37403 16197 2426 1 200 700 543
37377 16223 2431 1 200 700 524
37361 16245 2431 1 200 700 524
37346 16271 2435 1 200 700 536
37329 16295 2437 1 200 700 513
37311 16319 2442 1 200 700 536
37293 16343 2447 1 200 700 538
37276 16361 2452 1 220 700 510
37262 16378 2458 1 230 710 546
37250 16394 2463 1 230 710 525
37235 16411 2468 1 230 710 528
37220 16425 2472 1 230 710 543
37208 16435 2478 1 230 710 517
37200 16443 2482 1 230 710 541
37192 16455 2488 1 270 710 538
37182 16466 2493 1 270 710 518
37173 16477 2498 1 270 710 552
37164 16489 2503 1 270 710 526
37153 16500 2508 1 270 710 530
37139 16518 2511 1 270 710 543
37123 16541 2512 1 270 710 522
37105 16563 2514 1 270 710 548
37089 16586 2518 1 290 720 543
37073 16606 2520 1 320 710 523
37053 16632 2523 1 320 710 556
37032 16657 2527 1 320 710 530
37010 16680 2532 1 320 710 536
36987 16704 2538 1 320 710 547
36966 16725 2548 1 330 720 522
36950 16742 2556 1 330 720 548
36936 16755 2565 1 360 720 539
36926 16765 2572 1 360 720 521
36911 16777 2582 1 360 720 555
36889 16787 2593 1 380 720 531
36863 16796 2596 1 380 720 541
36834 16804 2598 1 380 720 548
36805 16811 2599 1 380 720 524
36772 16817 2602 1 380 720 554
36733 16826 2603 1 380 720 545
36689 16832 2606 1 400 730 529
36646 16837 2606 1 400 730 560
36606 16840 2612 1 400 730 538
36568 16842 2614 1 370 740 555
36533 16843 2616 1 370 740 562
36499 16844 2616 1 370 740 532
36465 16845 2621 1 370 740 571
36426 16846 2624 1 370 740 556
36387 16846 2624 1 370 740 537
36349 16847 2627 1 340 740 564
36312 16847 2628 1 340 740 546
36281 16847 2630 1 340 740 559
36253 16848 2635 1 340 740 570
36227 16847 2635 1 340 740 551
36203 16841 2639 1 340 740 589
36180 16834 2639 1 340 740 585
36158 16827 2644 1 340 740 562
36134 16819 2647 1 340 740 585
36109 16809 2653 1 340 740 559
36085 16801 2664 1 340 740 576
36057 16789 2678 1 340 740 580
36030 16776 2691 1 340 740 543
36000 16760 2706 1 340 740 581
35965 16737 2722 1 340 740 576
35932 16708 2741 1 340 740 561
35895 16675 2760 1 340 740 600
35856 16644 2765 1 340 740 572
35820 16611 2772 1 340 740 592
35783 16574 2786 1 340 740 585
35749 16529 2803 1 370 740 556
35705 16478 2812 1 370 740 592
35671 16434 2837 1 370 740 570
35639 16394 2860 1 350 730 561
35605 16357 2863 1 350 730 584
35555 16323 2863 1 350 730 557
35500 16286 2866 1 350 730 575
35446 16250 2867 1 350 730 581
35399 16221 2870 1 330 720 558
35362 16197 2873 1 360 720 601
35328 16175 2874 1 360 720 576
35298 16150 2877 1 360 720 576
35271 16122 2878 1 360 720 594
35250 16096 2882 1 360 720 569
35233 16068 2882 1 340 710 601
35221 16043 2887 1 370 700 588
35213 16019 2890 1 370 700 567
35209 15995 2894 1 370 700 615
35206 15974 2894 1 370 700 596
35206 15952 2899 1 370 700 584
35206 15930 2905 1 370 700 602
35207 15906 2905 1 370 700 582
35208 15881 2908 1 390 700 606
35208 15854 2912 1 390 700 596
35209 15828 2913 1 390 700 564
35209 15802 2917 1 390 700 612
35210 15776 2917 1 390 700 590
35212 15749 2919 1 390 700 576
35212 15718 2922 1 390 700 598
35213 15686 2923 1 390 700 569
35213 15654 2928 1 390 700 595
35214 15627 2935 1 370 690 595
35214 15603 2940 1 370 690 569
35212 15582 2946 1 370 690 610
35211 15564 2952 1 370 690 592
35212 15545 2959 1 370 690 584
35212 15529 2965 1 370 690 600
35212 15506 2971 1 370 690 583
35224 15474 2980 1 370 690 603
35243 15433 2993 1 370 690 599
35264 15386 3004 1 350 680 561
35280 15339 3015 1 350 680 605
35287 15301 3022 1 350 680 586
35291 15269 3030 1 350 680 582
35293 15240 3036 1 350 680 599
35296 15212 3043 1 350 680 584
35302 15182 3050 1 350 680 606
35311 15151 3059 1 350 680 598
35324 15115 3068 1 350 680 572
35343 15076 3080 1 340 670 603
35362 15034 3091 1 340 670 573
35381 14991 3102 1 340 670 574
35396 14950 3111 1 340 670 577
35408 14904 3120 1 340 670 556
35424 14860 3130 1 350 680 577
35436 14820 3139 1 330 690 585
35452 14783 3148 1 330 690 568
35465 14754 3158 1 330 690 605
35471 14727 3166 1 330 690 579
35479 14704 3174 1 330 690 578
35490 14679 3183 1 330 690 594
35504 14654 3197 1 350 700 571
35514 14631 3205 1 350 700 593
35530 14604 3213 1 350 700 585
35550 14575 3221 1 350 700 571
35572 14544 3229 1 350 700 599
35601 14508 3237 1 350 700 586
35628 14473 3245 1 350 700 583
35656 14438 3254 1 350 700 606
35682 14406 3265 1 350 700 586
35701 14377 3271 1 350 700 608
35720 14351 3274 1 350 700 599
35737 14331 3277 1 350 700 583
35752 14316 3280 1 330 690 613
35766 14306 3285 1 330 690 590
35782 14296 3290 1 330 690 594
35809 14281 3296 1 330 690 596
35845 14256 3302 1 330 690 565
35880 14223 3308 1 320 680 591
35911 14196 3313 1 320 680 585
35942 14171 3319 1 320 680 564
35968 14153 3322 1 320 680 593
35995 14138 3324 1 320 680 571
36029 14127 3327 1 300 670 580
36060 14124 3327 1 280 680 586
36097 14122 3331 1 280 680 563
36138 14121 3331 1 280 680 586
36181 14120 3331 1 280 680 573
36231 14119 3336 1 280 680 554
36289 14118 3336 1 280 680 577
36345 14118 3338 1 260 680 552
36404 14119 3339 1 260 680 560
36462 14120 3343 1 260 680 567
36516 14127 3343 1 250 670 540
36574 14139 3345 1 250 670 562
36627 14150 3345 1 250 670 557
36677 14164 3345 1 250 670 538
36728 14179 3346 1 250 670 559
36777 14194 3346 1 250 670 538
36832 14210 3347 1 250 670 558
36897 14222 3349 1 250 670 560
36960 14232 3351 1 250 670 531
37020 14240 3356 1 250 670 561
37073 14251 3357 1 250 670 547
37114 14265 3358 1 250 670 528
37151 14281 3358 1 250 670 552
37184 14296 3361 1 250 670 535
37218 14310 3368 1 270 670 558
37252 14321 3370 1 270 670 561
37282 14332 3371 1 270 670 539
37308 14343 3374 1 270 670 569
37327 14352 3380 1 270 670 559
37346 14360 3383 1 270 670 547
37368 14370 3383 1 270 670 570
37394 14382 3385 1 270 670 551
37426 14396 3386 1 270 670 575
37468 14418 3388 1 270 670 571
37513 14442 3391 1 270 670 558
37558 14468 3394 1 250 670 588
37604 14495 3399 1 250 670 570
37643 14522 3399 1 250 670 560
37683 14551 3400 1 260 680 583
37731 14582 3403 1 260 680 565
37772 14616 3412 1 260 680 580
37809 14655 3414 1 240 680 575
37841 14694 3419 1 240 680 549
37870 14739 3422 1 240 680 583
37895 14786 3429 1 240 680 571
37920 14828 3450 1 240 680 552
37944 14872 3472 1 240 680 573
37965 14909 3494 1 210 690 556
37989 14942 3502 1 210 690 574
38009 14975 3508 1 220 700 575
38023 15008 3515 1 220 700 541
38034 15037 3524 1 220 700 591
38044 15064 3531 1 220 700 576
38055 15087 3539 1 220 700 560
38066 15103 3544 1 210 690 585
38077 15118 3549 1 210 690 558
38084 15133 3556 1 210 690 579
38089 15148 3564 1 210 690 582
38093 15166 3573 1 210 690 554
38096 15185 3583 1 200 680 597
38103 15212 3593 1 200 680 577
38108 15248 3607 1 200 680 572
38115 15291 3624 1 200 680 593
38120 15340 3644 1 200 680 568
38121 15390 3667 1 200 680 583
38122 15441 3691 1 190 670 581
38123 15493 3718 1 190 670 550
38124 15550 3749 1 190 670 586
38121 15604 3772 1 190 670 568
38120 15659 3804 1 190 670 558
38120 15714 3838 1 200 680 585
38120 15765 3869 1 200 680 555
38117 15818 3898 1 200 680 577
38112 15867 3925 1 200 680 577
38104 15915 3945 1 200 680 552
38096 15960 3962 1 210 690 590
38086 16001 3991 1 210 690 567
38075 16038 4018 1 190 690 566
38064 16077 4049 1 190 690 585
38053 16109 4049 1 190 690 561
38040 16136 4050 1 190 690 585
38029 16176 4051 1 190 690 575
38015 16217 4053 1 200 700 557
38001 16259 4055 1 220 700 594
37984 16303 4056 1 220 700 570
37962 16344 4060 1 220 700 572
37940 16379 4063 1 220 700 587
37912 16416 4064 1 220 700 561
37884 16451 4065 1 230 710 590
37858 16497 4066 1 230 710 585
37829 16532 4070 1 230 710 562
37800 16562 4071 1 230 710 597
37762 16585 4072 1 230 710 573
37721 16603 4077 1 250 710 568
37686 16621 4077 1 250 710 586
37650 16641 4081 1 250 710 559
37615 16660 4083 1 260 720 585
37578 16680 4086 1 260 720 583
37535 16702 4092 1 260 720 558
37489 16719 4095 1 260 720 592
37443 16736 4098 1 310 730 561
37395 16755 4113 1 310 730 569
37349 16769 4133 1 310 730 582
37304 16781 4152 1 310 730 560
37261 16790 4173 1 320 740 584
37217 16795 4186 1 320 740 580
37168 16800 4192 1 350 730 552
37108 16808 4198 1 350 730 589
37041 16816 4203 1 350 730 551
36979 16822 4209 1 350 730 569
36924 16832 4214 1 380 720 595
36873 16840 4218 1 400 730 566
36834 16847 4226 1 400 730 589
36796 16855 4240 1 400 730 584
36756 16859 4241 1 400 730 557
36724 16861 4246 1 400 730 576
36688 16863 4251 1 400 730 557
36651 16864 4251 1 430 730 566
36617 16864 4253 1 430 730 581
36578 16864 4257 1 430 730 555
36541 16864 4259 1 430 730 589
36504 16863 4263 1 400 730 580
36465 16859 4268 1 400 730 555
36428 16853 4269 1 400 730 593
36392 16849 4269 1 420 740 567
36357 16845 4285 1 420 740 583
36323 16842 4299 1 420 740 587
36291 16839 4315 1 420 740 562
36256 16838 4334 1 420 740 593
36216 16836 4366 1 400 730 584
36177 16834 4398 1 400 730 562
36139 16831 4431 1 400 730 596
36103 16827 4464 1 400 730 572
36071 16819 4495 1 420 740 595
36035 16810 4528 1 420 740 590
35995 16799 4551 1 420 740 566
35956 16786 4567 1 420 740 595
35922 16773 4582 1 420 740 598
35885 16757 4600 1 400 730 576
35847 16742 4618 1 400 730 595
35809 16727 4637 1 400 730 585
35769 16714 4647 1 430 730 588
35728 16700 4647 1 430 730 591
35686 16688 4650 1 430 730 574
35648 16678 4654 1 430 730 609
35618 16671 4654 1 430 730 596
35592 16664 4657 1 430 730 584
35576 16658 4659 1 450 720 608
35564 16655 4659 1 450 720 586
35552 16650 4661 1 430 710 603
35538 16648 4663 1 430 710 601
35521 16644 4664 1 430 710 563
35501 16642 4665 1 430 710 607
35478 16640 4670 1 430 710 599
35457 16636 4675 1 430 710 588
35438 16632 4677 1 430 710 603
35422 16627 4681 1 430 710 594
35412 16621 4686 1 430 710 614
35399 16617 4690 1 430 710 613
35381 16610 4695 1 430 710 582
35363 16602 4699 1 430 710 610
35341 16592 4707 1 430 710 603
35317 16578 4709 1 430 710 593
35295 16562 4718 1 430 710 611
35272 16539 4718 1 450 710 583
35250 16507 4721 1 450 710 607
35231 16470 4730 1 450 710 596
35217 16429 4733 1 450 710 585
35207 16390 4742 1 430 700 612
35199 16351 4744 1 430 700 603
35194 16325 4754 1 430 700 581
35190 16298 4755 1 430 700 605
35185 16273 4763 1 450 690 588
35182 16254 4764 1 450 690 584
35177 16229 4765 1 450 690 594
35172 16202 4770 1 450 690 563
35167 16174 4771 1 450 690 600
35168 16139 4771 1 450 690 588
35169 16097 4775 1 450 690 582
35171 16051 4776 1 450 690 595
35178 15992 4777 1 450 690 573
35185 15932 4777 1 450 690 594
35190 15877 4783 1 430 690 592
35192 15833 4784 1 430 690 562
35193 15788 4785 1 430 690 603
35197 15740 4791 1 430 690 582
35200 15693 4793 1 430 690 567
35204 15639 4796 1 430 690 590
35212 15594 4799 1 430 690 560
35218 15554 4801 1 410 680 586
35221 15518 4803 1 410 680 574
35222 15489 4803 1 410 680 555
35226 15458 4807 1 410 680 590
35232 15430 4811 1 410 680 569
35239 15402 4820 1 410 680 562
35245 15373 4831 1 400 670 580
35250 15340 4836 1 400 670 555
35252 15309 4837 1 400 670 571
35254 15275 4843 1 400 670 572
35255 15242 4849 1 400 670 557
35256 15211 4856 1 380 660 591
35256 15176 4861 1 380 660 569
35257 15141 4862 1 380 660 567
35258 15103 4863 1 380 660 584
35262 15062 4866 1 380 660 562
35269 15025 4866 1 380 660 584
35278 14990 4866 1 380 660 582
35294 14953 4872 1 380 660 563
35311 14920 4888 1 380 660 591
35330 14888 4905 1 380 660 569
35353 14855 4923 1 380 660 572
35370 14828 4938 1 380 660 581
35389 14800 4955 1 400 670 563
35409 14772 4967 1 400 670 582
35427 14741 4978 1 400 670 578
35451 14709 4989 1 380 680 555
35477 14671 5008 1 380 680 586
35502 14631 5029 1 380 680 563
35535 14591 5055 1 380 680 561
35568 14552 5081 1 380 680 581
35603 14516 5108 1 380 680 555
35640 14484 5135 1 380 680 581
35667 14459 5156 1 380 680 572
35689 14435 5170 1 380 680 563
35706 14417 5176 1 380 680 589
35715 14399 5177 1 380 680 570
35725 14383 5178 1 380 680 573
35733 14367 5180 1 340 670 581
35743 14352 5182 1 340 670 557
35756 14336 5184 1 340 670 574
35772 14319 5186 1 340 670 572
35785 14301 5194 1 340 670 554
35805 14275 5199 1 320 670 585
35839 14245 5209 1 320 670 562
35874 14211 5212 1 320 670 564
35915 14172 5215 1 320 670 573
35955 14139 5217 1 320 670 547
35991 14114 5221 1 320 670 575
36025 14094 5228 1 310 660 567
36060 14074 5238 1 310 660 549
36096 14053 5246 1 290 660 571
36132 14032 5255 1 290 660 551
36165 14011 5263 1 290 660 564
36198 13993 5272 1 290 660 575
36226 13977 5280 1 270 670 551
36247 13948 5281 1 270 670 580
36269 13921 5282 1 260 660 570
36291 13902 5282 1 260 660 553
36312 13893 5284 1 240 660 576
36334 13886 5286 1 240 660 553
36361 13881 5287 1 240 660 568
36389 13879 5291 1 240 660 566
36421 13871 5291 1 240 660 540
36450 13865 5294 1 240 660 573
36478 13860 5295 1 240 660 560
36505 13856 5299 1 240 660 545
36530 13854 5304 1 240 660 571
36559 13852 5307 1 210 670 551
36587 13852 5313 1 210 670 568
36618 13852 5318 1 210 670 564
36654 13853 5323 1 200 660 540
36698 13855 5326 1 200 660 571
36750 13856 5330 1 230 650 563
36806 13862 5333 1 230 650 549
36862 13883 5342 1 230 650 554
36911 13901 5350 1 230 650 531
36959 13926 5362 1 230 650 539
37003 13950 5371 1 230 650 531
37047 13965 5378 1 250 650 504
37094 13982 5384 1 250 650 531
37137 14001 5391 1 250 650 519
37179 14020 5398 1 250 650 496
37217 14039 5406 1 250 650 515
37256 14055 5412 1 250 650 497
37294 14075 5421 1 250 650 505
37332 14097 5429 1 250 650 510
37373 14121 5438 1 230 650 489
37416 14148 5446 1 230 650 518
37458 14176 5455 1 230 650 502
37505 14206 5462 1 230 650 487
37546 14241 5471 1 230 650 514
37585 14279 5480 1 200 660 486
37624 14321 5488 1 200 660 503
37659 14357 5492 1 200 660 496
37694 14385 5503 1 200 660 474
37724 14414 5515 1 180 660 504
37754 14444 5528 1 190 670 490
37789 14470 5530 1 190 670 482
37826 14496 5536 1 190 670 494
37863 14523 5539 1 190 670 467
37901 14545 5539 1 190 670 494
37938 14568 5544 1 170 670 488
37977 14592 5545 1 170 670 467
38013 14615 5548 1 180 680 503
38046 14638 5561 1 180 680 488
38075 14666 5580 1 180 680 478
38099 14695 5581 1 180 680 501
38122 14726 5581 1 190 690 476
38142 14759 5587 1 190 690 498
38160 14790 5593 1 190 690 500
38183 14819 5593 1 160 690 471
38205 14847 5595 1 160 690 510
38229 14874 5601 1 160 690 489
38252 14903 5605 1 160 690 486
38276 14934 5607 1 160 690 503
38296 14968 5608 1 160 690 477
38319 15002 5614 1 160 690 501
38337 15034 5615 1 140 690 500
38352 15064 5619 1 140 690 470
38364 15091 5620 1 140 690 509
38371 15114 5627 1 140 690 493
38375 15141 5627 1 140 690 490
38374 15166 5632 1 140 690 511
38373 15189 5639 1 140 690 486
38373 15214 5645 1 130 690 506
38372 15241 5651 1 130 690 511
38371 15271 5656 1 130 690 487
38366 15308 5667 1 130 690 527
38358 15345 5680 1 130 690 511
38351 15388 5699 1 130 690 508
38343 15442 5725 1 120 680 526
38331 15495 5726 1 120 680 508
38319 15549 5733 1 120 680 531
38305 15605 5736 1 120 680 517
38285 15651 5737 1 120 680 499
38264 15698 5746 1 130 690 544
38241 15752 5753 1 130 690 522
38215 15802 5757 1 130 690 526
38191 15847 5758 1 130 690 545
38173 15892 5763 1 130 690 521
38153 15930 5769 1 140 690 547
38129 15965 5771 1 140 690 555
38107 16006 5771 1 140 690 527
38085 16044 5781 1 140 690 572
38067 16082 5783 1 140 690 547
38050 16122 5783 1 140 700 560
38036 16161 5786 1 170 700 567
38020 16202 5800 1 170 700 550
37999 16245 5830 1 170 700 577
37978 16285 5859 1 170 700 567
37952 16319 5889 1 170 700 542
37926 16364 5906 1 170 700 574
37899 16422 5910 1 180 710 556
37874 16474 5913 1 180 710 562
37852 16511 5918 1 180 710 569
37835 16534 5923 1 210 710 542
37820 16547 5930 1 210 710 573
37804 16557 5937 1 210 710 568
37786 16568 5937 1 220 720 554
37759 16584 5939 1 220 720 591
37729 16600 5941 1 220 720 563
37697 16615 5943 1 220 720 586
37664 16634 5945 1 230 730 592
37630 16652 5947 1 260 720 563
37597 16667 5947 1 260 720 597
37561 16685 5947 1 260 720 584
37518 16698 5948 1 260 720 562
37473 16709 5948 1 280 730 590
37428 16721 5951 1 280 730 560
37384 16730 5952 1 280 730 583
37343 16739 5954 1 310 730 594
37303 16747 5956 1 310 730 570
37255 16754 5959 1 320 740 605
37207 16760 5962 1 320 740 592
37154 16765 5964 1 320 740 584
37095 16771 5966 1 350 730 597
37040 16775 5967 1 350 730 589
36994 16778 5968 1 350 730 605
36963 16778 5986 1 380 720 614
36941 16778 6003 1 380 720 583
36921 16778 6018 1 400 730 620
36898 16774 6040 1 400 730 606
36872 16768 6059 1 400 730 582
36845 16765 6077 1 430 730 619
36816 16762 6093 1 430 730 596
36789 16758 6117 1 430 730 618
36757 16756 6148 1 430 730 630
36718 16754 6185 1 430 730 598
36673 16753 6224 1 430 730 632
36624 16752 6268 1 430 730 614
36572 16752 6311 1 430 730 598
36526 16749 6354 1 430 730 628
36483 16747 6394 1 430 730 608
36440 16745 6432 1 430 730 626
36400 16741 6470 1 430 730 639
36363 16739 6493 1 430 730 604
36330 16738 6497 1 430 730 645
36294 16738 6498 1 400 720 630
36257 16738 6499 1 400 720 611
36215 16737 6499 1 400 720 636
36176 16741 6500 1 380 720 606
36142 16745 6500 1 400 730 629
36108 16748 6502 1 400 730 636
36076 16751 6503 1 400 730 602
36045 16751 6503 1 400 730 647
36013 16752 6503 1 400 730 631
35977 16750 6506 1 400 730 613
35952 16749 6509 1 400 730 650
35930 16748 6510 1 430 730 625
35913 16748 6514 1 430 730 645
35898 16747 6514 1 430 730 643
35887 16746 6516 1 430 730 609
35877 16746 6516 1 430 730 653
35871 16745 6519 1 430 730 637
35865 16745 6523 1 430 730 623
35860 16745 6523 1 450 720 650
35857 16744 6528 1 450 720 622
35848 16744 6529 1 450 720 647
35838 16738 6531 1 450 720 645
35821 16732 6532 1 450 720 609
35796 16724 6533 1 450 720 656
35769 16714 6534 1 450 720 628
35734 16701 6547 1 450 720 620
35693 16685 6548 1 450 720 637
35658 16665 6548 1 450 720 615
35618 16641 6548 1 450 720 638
35571 16619 6562 1 450 720 626
35522 16590 6563 1 450 720 605
35473 16545 6563 1 470 710 657
35431 16492 6567 1 470 710 637
35389 16429 6568 1 450 710 628
35354 16375 6582 1 450 710 652
35320 16320 6583 1 450 710 622
35285 16259 6587 1 450 710 651
35254 16191 6590 1 450 710 637
35227 16141 6593 1 450 710 598
35198 16103 6603 1 430 700 652
35160 16070 6605 1 450 690 631
35124 16039 6615 1 450 690 617
35094 16007 6621 1 450 690 651
35068 15977 6624 1 450 690 619
35048 15945 6628 1 450 690 646
35036 15915 6645 1 450 690 627
35024 15885 6648 1 450 680 617
35018 15856 6654 1 450 680 644
35015 15830 6655 1 450 680 623
35013 15803 6669 1 450 680 620
35011 15777 6677 1 450 680 647
35011 15746 6684 1 450 680 614
35011 15713 6690 1 470 670 637
35012 15675 6691 1 470 670 636
35019 15639 6697 1 470 670 606
35029 15609 6701 1 470 670 648
35039 15583 6706 1 470 670 632
35052 15558 6710 1 450 670 626
35063 15529 6713 1 450 670 633
35078 15498 6718 1 470 660 609
35097 15464 6720 1 470 660 623
35116 15428 6725 1 450 670 623
35140 15384 6726 1 450 670 595
35166 15336 6726 1 430 660 628
35183 15283 6729 1 430 660 607
35204 15229 6732 1 430 660 601
35229 15171 6750 1 430 660 617
35261 15113 6751 1 430 660 573
35300 15053 6752 1 400 660 604
35341 14996 6752 1 400 660 595
35374 14952 6753 1 400 660 564
35400 14916 6773 1 400 660 595
35433 14873 6777 1 380 660 570
35464 14833 6782 1 380 660 569
35499 14792 6798 1 380 660 582
35542 14742 6803 1 380 660 557
35584 14698 6809 1 380 660 585
35627 14652 6817 1 360 670 581
35680 14606 6818 1 360 670 557
35725 14569 6819 1 360 670 589
35779 14527 6820 1 360 670 563
35833 14487 6820 1 340 670 566
35868 14452 6823 1 350 680 567
35904 14413 6829 1 350 680 546
35931 14385 6834 1 350 680 575
35954 14364 6841 1 350 680 569
35982 14345 6844 1 340 670 553
36010 14332 6846 1 320 680 584
36035 14322 6847 1 320 680 557
36055 14316 6854 1 320 680 560
36079 14310 6855 1 320 680 560
36104 14304 6859 1 320 680 540
36137 14295 6865 1 280 680 567
36175 14277 6872 1 280 680 561
36208 14261 6880 1 280 680 539
36241 14241 6887 1 260 680 565
36272 14219 6896 1 250 670 544
36302 14198 6904 1 250 670 554
36339 14174 6913 1 250 670 559
36374 14152 6922 1 220 670 522
36417 14129 6932 1 220 670 570
36456 14113 6943 1 220 670 554
36490 14102 6952 1 220 670 537
36523 14089 6962 1 220 670 561
36555 14076 6972 1 220 670 532
36589 14065 6981 1 200 680 549
36619 14055 6991 1 190 670 552
36644 14048 6998 1 190 670 522
36661 14045 7006 1 190 670 551
36676 14041 7013 1 210 670 537
36696 14038 7021 1 210 670 522
36713 14037 7027 1 210 670 550
36732 14035 7034 1 210 670 524
36750 14033 7040 1 210 670 538
36770 14033 7046 1 240 660 535
36794 14033 7051 1 240 660 510
36823 14033 7061 1 240 660 541
36856 14033 7070 1 240 660 529
36889 14032 7080 1 260 660 513
36925 14035 7089 1 260 660 534
36960 14041 7096 1 250 650 513
36997 14049 7105 1 250 650 530
37030 14055 7112 1 250 650 532
37064 14058 7121 1 250 650 496
37096 14063 7129 1 250 650 526
37127 14066 7138 1 250 650 513
37165 14070 7146 1 250 650 501
37209 14075 7156 1 250 650 524
37263 14086 7164 1 250 650 501
37321 14101 7172 1 230 650 525
37382 14121 7174 1 230 650 529
37440 14143 7176 1 230 650 501
37490 14169 7177 1 200 660 533
37537 14194 7178 1 200 660 515
37576 14218 7179 1 200 660 507
37615 14245 7180 1 200 660 517
37650 14268 7181 1 180 660 497
37676 14286 7186 1 180 660 509
37692 14302 7192 1 180 660 502
37703 14315 7199 1 180 660 477
37713 14324 7206 1 170 670 515
37721 14334 7214 1 170 670 500
37727 14344 7227 1 170 670 493
37736 14352 7243 1 170 670 515
37747 14359 7257 1 170 670 496
37763 14368 7274 1 170 670 519
37786 14376 7287 1 150 670 520
37818 14384 7288 1 150 670 499
37850 14396 7290 1 150 670 537
37885 14410 7290 1 150 670 515
37918 14425 7291 1 150 670 513
37947 14446 7292 1 150 670 526
37975 14472 7293 1 150 670 502
38002 14503 7294 1 150 670 521
38030 14548 7295 1 150 680 522
38055 14605 7296 1 130 690 498
38084 14667 7307 1 130 690 540
38115 14737 7326 1 130 690 520
38149 14803 7350 1 130 690 528
38183 14867 7388 1 140 690 538
38211 14935 7430 1 140 690 517
38233 14996 7479 1 110 700 526
38247 15056 7502 1 110 700 524
38261 15107 7504 1 100 690 493
38271 15152 7510 1 100 690 538
38274 15197 7517 1 100 690 514
38274 15239 7524 1 100 690 519
38274 15281 7527 1 100 690 535
38273 15321 7527 1 100 690 515
38263 15356 7531 1 100 690 539
38256 15392 7535 1 100 690 526
38249 15425 7536 1 100 690 498
38238 15455 7536 1 100 690 538
38232 15484 7542 1 100 680 515
38223 15508 7545 1 100 680 511
38212 15526 7545 1 100 680 529
38200 15546 7557 1 100 680 506
38179 15567 7558 1 100 690 535
38152 15589 7559 1 100 690 526
38126 15613 7569 1 130 690 510
38105 15636 7572 1 130 690 544
38087 15662 7575 1 130 690 519
38064 15694 7582 1 130 690 518
38039 15724 7587 1 130 690 530
38013 15754 7592 1 130 690 510
37988 15783 7593 1 130 690 530
37967 15808 7603 1 140 690 525
37943 15838 7604 1 140 690 502
37912 15870 7605 1 140 690 539
37881 15903 7615 1 140 690 509
37848 15939 7618 1 160 690 525
37817 15973 7622 1 160 690 529
37789 16009 7629 1 170 700 511
37758 16043 7633 1 170 700 534
37728 16074 7634 1 170 700 523
37695 16103 7643 1 170 700 508
37665 16126 7644 1 200 700 543
37641 16146 7651 1 200 700 522
37624 16160 7654 1 200 700 535
37612 16170 7664 1 200 700 545
37604 16177 7667 1 200 700 519
37600 16183 7667 1 200 700 547
37594 16191 7683 1 210 710 540
37588 16200 7686 1 230 710 524
37584 16210 7687 1 230 710 555
37577 16222 7693 1 230 710 532
37568 16235 7697 1 230 710 545
37557 16249 7710 1 230 710 553
37543 16267 7731 1 230 710 532
37531 16287 7745 1 230 710 563
37520 16302 7756 1 230 710 552
37510 16315 7766 1 230 710 533
37501 16325 7776 1 230 710 564
37493 16334 7787 1 260 700 541
37487 16340 7797 1 260 700 555
37484 16342 7805 1 260 700 559
37483 16345 7813 1 270 710 532
37481 16347 7821 1 270 710 568
37479 16351 7830 1 270 710 556
37472 16356 7839 1 270 710 540
37460 16371 7851 1 270 710 570
37440 16388 7870 1 270 710 550
37418 16407 7892 1 270 710 563
37395 16425 7913 1 270 710 570
37380 16434 7930 1 270 710 541
37370 16442 7944 1 270 710 578
37359 16448 7959 1 270 710 568
37343 16456 7975 1 270 710 551
37322 16466 7994 1 290 720 578
37301 16479 8014 1 290 720 557
37279 16492 8035 1 290 720 576
37264 16502 8051 1 290 720 580
37252 16510 8067 1 320 710 549
37242 16517 8081 1 320 710 585
37231 16524 8096 1 320 710 572
37217 16533 8112 1 320 710 555
37201 16542 8130 1 330 720 584
37182 16551 8148 1 360 720 559
37161 16557 8167 1 360 720 578
37134 16564 8202 1 360 720 580
37098 16570 8250 1 360 720 551
37060 16577 8294 1 360 720 587
37020 16584 8297 1 360 720 580
36975 16593 8298 1 380 710 569
36933 16597 8298 1 380 710 595
36894 16601 8299 1 380 710 568
36852 16605 8302 1 380 710 585
36812 16608 8304 1 400 720 585
36774 16614 8306 1 400 720 560
36742 16617 8311 1 400 720 594
36713 16621 8316 1 400 720 585
36681 16622 8318 1 400 720 570
36651 16622 8326 1 400 720 594
36614 16624 8329 1 400 720 568
36568 16623 8334 1 400 720 589
36523 16622 8335 1 400 720 588
36475 16622 8337 1 380 720 559
36423 16621 8342 1 380 720 602
36378 16620 8343 1 380 720 576
36334 16609 8350 1 380 720 570
36287 16598 8350 1 380 720 595
36246 16587 8352 1 380 720 561
36206 16580 8358 1 380 720 593
36168 16573 8361 1 380 720 595
36134 16565 8362 1 380 720 558
36102 16558 8367 1 350 730 600
36068 16550 8367 1 350 730 581
36038 16542 8374 1 350 730 573
36004 16534 8382 1 350 730 603
35963 16529 8383 1 350 730 567
35915 16523 8385 1 350 730 590
35867 16515 8394 1 350 730 584
35819 16506 8395 1 380 720 561
35777 16494 8397 1 380 720 601
35739 16482 8407 1 380 720 586
35692 16467 8407 1 380 720 588
35650 16451 8411 1 380 720 602
35617 16436 8412 1 380 720 586
35587 16420 8415 1 400 720 607
35563 16405 8417 1 400 720 597
35536 16392 8425 1 400 720 576
35504 16377 8426 1 380 710 614
35468 16359 8432 1 380 710 587
35435 16338 8432 1 380 710 583
35398 16312 8432 1 380 710 595
35357 16282 8437 1 380 710 577
35311 16243 8438 1 380 710 586
35257 16188 8444 1 410 710 582
35194 16120 8445 1 410 710 543
35116 16070 8446 1 410 710 573
35055 16007 8452 1 410 710 561
35013 15945 8456 1 390 700 549
34980 15884 8459 1 390 700 573
34956 15826 8461 1 390 700 550
34939 15773 8462 1 410 690 577
34928 15721 8466 1 410 690 574
34923 15674 8471 1 410 690 552
34921 15630 8471 1 410 690 577
34918 15593 8475 1 390 680 551
34915 15562 8478 1 390 680 555
34911 15539 8478 1 410 680 568
34907 15520 8482 1 410 680 545
34903 15505 8484 1 410 680 572
34901 15494 8487 1 400 670 567
34899 15485 8489 1 400 670 546
34898 15480 8491 1 400 670 581
34898 15474 8495 1 400 670 553
34898 15468 8495 1 400 670 556
34898 15461 8496 1 400 670 564
34898 15450 8497 1 400 670 539
34897 15439 8499 1 400 670 569
34897 15426 8499 1 400 670 561
34897 15415 8500 1 400 670 542
34897 15400 8502 1 380 660 579
34897 15383 8502 1 380 660 554
34897 15364 8507 1 380 660 563
34897 15344 8515 1 380 660 575
34901 15322 8516 1 380 660 555
34913 15299 8526 1 380 660 585
34930 15268 8527 1 380 660 572
34947 15240 8531 1 380 660 548
34965 15213 8537 1 380 660 575
34988 15181 8545 1 380 660 556
35020 15144 8549 1 380 660 559
35062 15105 8556 1 360 660 562
35114 15063 8559 1 360 660 540
35166 15027 8561 1 360 660 569
35203 14999 8570 1 360 660 557
35232 14973 8580 1 360 660 538
35270 14941 8592 1 340 660 570
35313 14906 8597 1 340 660 524
35365 14867 8598 1 360 670 552
35417 14829 8598 1 360 670 543
35457 14801 8602 1 340 670 521
35486 14778 8625 1 340 670 550
35501 14763 8646 1 340 670 541
35510 14751 8661 1 340 670 524
35523 14737 8681 1 330 690 553
35535 14721 8702 1 330 690 532
35547 14703 8723 1 330 690 547
35559 14687 8744 1 330 690 549
35571 14668 8765 1 310 690 527
35593 14640 8804 1 310 690 567
35626 14606 8854 1 310 690 540
35660 14568 8865 1 310 690 532
35704 14524 8869 1 310 690 565
35757 14482 8872 1 310 690 526
35794 14447 8880 1 310 690 552
35829 14412 8885 1 270 690 564
35859 14387 8902 1 270 690 533
35896 14361 8906 1 270 690 561
35945 14335 8907 1 270 690 555
35995 14312 8914 1 270 690 538
36036 14296 8925 1 270 690 563
36064 14283 8937 1 260 680 537
36092 14270 8941 1 260 680 558
36121 14251 8947 1 260 680 562
36160 14230 8957 1 240 680 532
36198 14200 8962 1 240 680 576
36232 14172 8966 1 240 680 563
36271 14143 8971 1 220 670 544
36316 14117 8974 1 200 680 571
36355 14097 8977 1 200 680 548
36390 14082 8978 1 200 680 566
36427 14070 8982 1 200 680 561
36460 14059 8983 1 200 680 532
36495 14047 8991 1 200 680 568
36536 14036 8998 1 170 670 555
36572 14025 9007 1 170 670 545
36607 14016 9014 1 170 670 572
36644 14005 9019 1 170 670 545
36682 13996 9031 1 170 670 566
36718 13991 9043 1 170 670 566
36755 13987 9057 1 190 670 538
36795 13985 9070 1 190 670 574
36829 13985 9084 1 190 670 556
36863 13983 9097 1 190 670 540
36900 13980 9112 1 190 670 561
36931 13977 9124 1 190 670 537
36969 13974 9134 1 180 660 555
37008 13972 9143 1 180 660 556
37045 13972 9153 1 180 660 526
37084 13973 9162 1 180 660 566
37120 13975 9172 1 200 660 546
37158 13976 9181 1 200 660 539
37198 13979 9191 1 200 660 552
37241 13986 9200 1 200 660 529
37287 13994 9211 1 200 660 543
37330 14002 9220 1 180 660 541
37370 14012 9229 1 180 660 517
37410 14024 9232 1 180 660 550
37448 14037 9237 1 180 660 537
37486 14053 9239 1 160 660 528
37526 14070 9239 1 160 660 543
37567 14090 9241 1 160 660 523
37614 14113 9241 1 160 660 545
37662 14141 9250 1 140 660 534
37711 14168 9263 1 140 660 511
37756 14195 9273 1 140 660 541
37790 14223 9275 1 140 660 526
37820 14249 9278 1 140 660 522
37849 14277 9284 1 120 670 546
37872 14305 9285 1 120 670 521
37891 14333 9296 1 120 670 543
37912 14364 9315 1 120 670 545
37933 14396 9318 1 120 670 521
37959 14428 9320 1 120 670 555
37990 14458 9322 1 120 680 533
38019 14484 9322 1 120 680 526
38045 14508 9323 1 120 680 540
38074 14530 9326 1 100 680 515
38101 14551 9330 1 100 680 538
38128 14570 9332 1 100 680 534
38155 14593 9333 1 100 690 515
38181 14617 9336 1 100 690 549
38206 14645 9336 1 100 690 519
38227 14676 9338 1 100 690 523
38249 14705 9339 1 100 690 535
38270 14736 9341 1 80 700 510
38291 14767 9343 1 80 700 540
38312 14804 9343 1 80 700 527
38334 14845 9344 1 80 700 511
38362 14887 9348 1 80 700 547
38385 14929 9348 1 50 700 525
38407 14975 9350 1 50 700 526
38426 15021 9353 1 60 710 541
38441 15065 9358 1 60 710 517
38454 15112 9358 1 60 710 539
38462 15156 9364 1 60 710 531
38466 15198 9369 1 50 700 513
38468 15243 9375 1 50 700 544
38470 15287 9384 1 50 700 521
38473 15335 9395 1 50 700 527
38476 15385 9412 1 50 700 540
38479 15445 9429 1 50 700 514
38480 15502 9448 1 50 700 539
38475 15555 9478 1 50 690 524
38468 15609 9500 1 50 690 509
38458 15652 9513 1 50 690 541
38447 15696 9528 1 50 690 524
38436 15742 9532 1 50 690 541
38422 15785 9544 1 50 690 553
38410 15829 9556 1 50 690 526
38395 15870 9570 1 50 700 556
38376 15908 9578 1 50 700 546
38357 15944 9586 1 50 700 529
38339 15974 9593 1 50 700 561
38322 16001 9602 1 50 700 536
38309 16023 9609 1 50 700 555
38291 16045 9612 1 60 710 556
38272 16069 9614 1 60 710 530
38255 16088 9614 1 60 710 565
38236 16108 9616 1 60 710 550
38217 16124 9616 1 60 710 531
38200 16133 9618 1 60 710 560
38185 16143 9622 1 60 710 531
38167 16159 9628 1 60 710 547
38150 16180 9634 1 90 720 553
38134 16203 9637 1 90 720 528
38116 16228 9642 1 90 720 557
38101 16250 9646 1 90 720 549
38086 16271 9650 1 90 720 531
38068 16294 9654 1 90 720 556
38049 16312 9663 1 90 720 528
38027 16330 9679 1 120 720 549
37995 16349 9696 1 120 720 543
37959 16367 9717 1 130 730 518
37919 16390 9746 1 130 730 560
37880 16412 9782 1 130 730 546
37846 16428 9809 1 130 730 533
37808 16444 9834 1 160 720 553
37771 16457 9849 1 160 720 532
37732 16473 9890 1 170 730 547
37691 16489 9930 1 170 730 546
37652 16501 9967 1 170 730 522
37616 16511 10001 1 170 730 560
37581 16520 10032 1 170 730 545
37545 16526 10068 1 180 740 533
37513 16532 10103 1 210 740 556
37483 16539 10137 1 210 740 534
37445 16550 10182 1 210 740 553
37407 16559 10190 1 210 740 555
37369 16569 10193 1 210 740 530
37337 16581 10208 1 210 740 562
37310 16592 10230 1 250 740 553
37287 16605 10261 1 260 740 545
37261 16619 10296 1 260 740 572
37228 16631 10321 1 260 740 552
37198 16641 10326 1 260 740 566
37172 16647 10326 1 260 740 567
37151 16652 10339 1 290 740 538
37129 16657 10343 1 310 750 577
37108 16661 10353 1 310 750 559
37085 16669 10360 1 310 750 551
37058 16679 10364 1 340 740 576
37035 16690 10365 1 340 740 553
37014 16700 10368 1 340 740 571
36995 16708 10372 1 340 740 570
36981 16714 10372 1 370 750 542
36969 16720 10375 1 400 750 580
36952 16727 10375 1 400 750 560
36930 16735 10376 1 400 750 553
36909 16743 10379 1 400 750 575
36885 16750 10380 1 400 750 554
36864 16755 10381 1 400 750 580
36841 16759 10381 1 400 750 585
36813 16762 10383 1 400 750 563
36778 16763 10387 1 400 750 594
36738 16764 10388 1 400 750 577
36697 16764 10388 1 400 750 572
36654 16765 10390 1 400 750 606
36615 16765 10390 1 400 750 573
36578 16759 10392 1 400 750 599
36538 16750 10392 1 370 750 596
36494 16739 10393 1 370 750 549
36443 16729 10394 1 370 750 573
36383 16718 10395 1 370 750 570
36319 16708 10395 1 370 750 570
36258 16699 10395 1 370 750 594
36198 16691 10397 1 390 760 567
36139 16683 10398 1 390 760 579
36077 16673 10398 1 390 760 580
36009 16663 10399 1 390 760 553
35947 16649 10401 1 370 750 584
35892 16632 10402 1 370 750 579
35843 16612 10403 1 370 750 568
35799 16587 10403 1 370 750 585
35757 16559 10404 1 370 750 563
35716 16537 10404 1 370 750 591
35668 16513 10405 1 370 750 581
35624 16488 10405 1 370 750 571
35584 16455 10406 1 400 750 595
35549 16422 10408 1 400 750 564
35513 16388 10408 1 400 750 565
35476 16355 10409 1 370 740 588
35438 16324 10410 1 370 740 562
35407 16292 10410 1 370 740 574
35383 16251 10412 1 370 740 591
35365 16212 10412 1 370 740 544
35354 16170 10412 1 380 720 599
35344 16135 10417 1 380 720 571
35336 16107 10419 1 380 720 573
35330 16081 10420 1 380 720 580
35324 16062 10421 1 380 720 552
35319 16046 10423 1 380 720 580
35313 16032 10427 1 380 720 583
35306 16015 10427 1 360 720 563
35297 15994 10432 1 360 720 590
35285 15968 10433 1 360 720 570
35276 15938 10434 1 360 720 567
35268 15905 10437 1 360 720 579
35264 15871 10440 1 360 720 540
35263 15834 10440 1 380 710 583
35263 15801 10442 1 380 710 568
35261 15771 10442 1 380 710 569
35254 15745 10443 1 370 700 593
35237 15719 10446 1 370 700 559
35210 15691 10449 1 370 700 568
35179 15664 10449 1 370 700 577
35150 15638 10452 1 370 700 547
35128 15614 10455 1 370 700 575
35107 15589 10458 1 370 700 571
35087 15559 10458 1 350 700 553
35068 15528 10463 1 350 700 566
35051 15495 10466 1 350 700 562
35034 15465 10466 1 350 700 564
35023 15440 10466 1 330 690 583
35014 15413 10467 1 330 690 556
35006 15384 10470 1 350 680 585
35000 15352 10472 1 350 680 577
34997 15320 10475 1 350 680 559
34994 15294 10481 1 350 680 595
34994 15269 10485 1 340 670 564
34994 15242 10489 1 340 670 586
34994 15215 10491 1 340 670 578
35003 15185 10492 1 340 670 554
35027 15142 10497 1 340 670 582
35066 15093 10500 1 340 670 562
35119 15042 10502 1 340 670 543
35178 14995 10504 1 340 670 564
35235 14954 10506 1 340 670 547
35276 14907 10519 1 340 670 556
35320 14857 10543 1 340 670 543
35372 14798 10571 1 320 680 514
35418 14745 10595 1 320 680 557
35449 14704 10615 1 320 680 532
35475 14671 10634 1 310 690 523
35497 14643 10656 1 310 690 549
35524 14615 10689 1 310 690 535
35551 14589 10713 1 310 690 549
35581 14567 10735 1 280 700 561
35611 14547 10758 1 280 700 533
35641 14529 10782 1 280 700 566
35679 14507 10808 1 280 700 551
35729 14482 10811 1 260 700 540
35781 14451 10811 1 260 700 568
35835 14402 10816 1 260 700 546
35900 14352 10817 1 260 700 552
35953 14309 10820 1 230 710 551
35997 14278 10826 1 220 700 536
36031 14255 10835 1 220 700 571
36057 14239 10841 1 220 700 554
36087 14219 10846 1 220 700 555
36125 14195 10858 1 190 690 581
36159 14176 10862 1 190 690 542
36192 14159 10867 1 190 690 585
36224 14140 10870 1 190 690 585
36259 14124 10879 1 150 680 549
36299 14100 10883 1 150 680 583
36353 14063 10884 1 150 680 560
36425 14020 10884 1 150 680 551
36497 13979 10894 1 120 680 574
36571 13948 10899 1 120 680 543
36624 13895 10906 1 120 680 553
36661 13848 10915 1 120 680 569
36696 13816 10916 1 120 680 531
36722 13795 10916 1 120 680 568
36746 13779 10925 1 120 680 548
36765 13771 10928 1 120 670 540
36783 13768 10937 1 120 670 559
36803 13767 10944 1 120 670 538
36827 13766 10949 1 120 670 560
36857 13766 10950 1 120 670 561
36887 13766 10961 1 120 670 533
36920 13768 10962 1 140 660 564
36963 13770 10972 1 140 660 541
37012 13773 10976 1 140 660 536
37072 13777 10984 1 140 660 549
37142 13789 10985 1 140 660 527
37216 13815 11023 1 140 660 545
37301 13840 11057 1 140 660 541
37385 13878 11073 1 140 660 510
37468 13925 11103 1 120 670 535
37554 13971 11104 1 120 670 517
37636 14013 11106 1 120 670 503
37706 14037 11107 1 90 670 519
37759 14058 11108 1 90 670 490
37808 14081 11109 1 90 670 503
37847 14105 11110 1 70 670 496
37872 14128 11112 1 70 670 478
37894 14150 11113 1 70 670 508
37912 14170 11117 1 50 670 490
37924 14192 11120 1 50 670 490
37938 14216 11125 1 50 670 505
37955 14240 11125 1 50 670 489
37973 14267 11135 1 20 670 505
37993 14296 11140 1 20 680 503
38019 14328 11146 1 20 680 482
38043 14365 11154 1 20 680 515
38065 14405 11155 1 20 680 490
38085 14442 11165 1 20 680 493
38101 14482 11168 1 20 680 500
38120 14523 11173 1 30 690 482
38137 14560 11174 1 30 690 509
38159 14596 11185 1 30 690 498
38181 14629 11191 1 30 700 477
38200 14658 11204 1 30 700 521
38218 14691 11215 1 30 700 486
38232 14725 11227 1 30 710 491
38245 14759 11231 1 30 710 505
38258 14794 11246 1 0 710 476
38272 14827 11253 1 0 710 506
38288 14855 11260 1 0 720 497
38306 14883 11268 1 0 720 481
38327 14909 11277 1 0 720 518
38352 14934 11289 1 0 720 496
38375 14964 11290 1 0 720 500
38394 15000 11304 1 0 720 515
38411 15034 11316 1 0 720 490
38426 15070 11318 1 0 720 516
38437 15108 11324 1 0 720 505
38444 15144 11338 1 0 720 485
38448 15180 11342 1 3570 720 519
38450 15219 11347 1 3570 720 489
38453 15253 11359 1 3570 720 500
38456 15285 11360 1 3540 720 507
38459 15322 11362 1 3540 720 476
38463 15360 11380 1 3540 720 509
38466 15397 11390 1 3540 720 502
38465 15441 11395 1 3540 720 479
38461 15481 11401 1 3510 720 508
38457 15518 11415 1 3540 720 489
38453 15559 11426 1 3540 720 488
38447 15599 11427 1 3540 720 503
38439 15638 11441 1 3540 720 464
38432 15674 11444 1 3540 720 511
38424 15705 11451 1 3540 720 490
38414 15729 11454 1 3570 720 475
38403 15754 11456 1 3570 720 515
38388 15782 11458 1 3570 720 485
38365 15808 11462 1 3570 720 504
38337 15839 11468 1 0 720 509
38301 15874 11470 1 0 720 479
38255 15905 11473 1 0 730 513
38211 15933 11476 1 0 730 503
38173 15958 11490 1 0 730 492
38126 15998 11530 1 0 730 518
38071 16048 11577 1 0 730 493
38014 16087 11624 1 0 730 513
37953 16125 11667 1 0 730 516
37894 16169 11720 1 0 730 486
37844 16206 11779 1 30 730 533
37798 16243 11815 1 30 730 519
37760 16276 11840 1 30 740 503
37725 16303 11858 1 30 740 529
37694 16326 11875 1 30 740 509
37661 16351 11890 1 70 740 531
37631 16374 11906 1 70 740 539
37606 16393 11919 1 70 740 517
37586 16409 11934 1 70 750 557
37568 16426 11948 1 70 750 543
37547 16444 11964 1 110 750 532
37525 16462 11979 1 110 750 560
37499 16482 11997 1 110 750 537
37473 16501 11999 1 120 760 557
37442 16523 12000 1 120 760 562
37402 16543 12002 1 120 760 530
37359 16563 12003 1 160 750 564
37315 16584 12005 1 170 760 551
37272 16602 12005 1 170 760 540
37232 16618 12005 1 170 760 568
37194 16630 12008 1 170 760 544
37156 16638 12010 1 220 770 562
37122 16644 12011 1 220 770 557
37093 16650 12012 1 220 770 532
37068 16658 12014 1 260 770 572
37046 16665 12015 1 260 770 555
37029 16670 12019 1 280 780 543
37014 16674 12019 1 320 770 560
36998 16675 12025 1 320 770 534
36974 16678 12025 1 320 770 555
36942 16679 12029 1 360 770 544
36904 16679 12033 1 360 770 512
36854 16682 12033 1 360 770 550
36801 16684 12036 1 360 770 524
36747 16689 12042 1 390 770 540
36690 16695 12042 1 390 770 538
36636 16700 12044 1 390 770 527
36587 16704 12045 1 390 770 554
36543 16706 12048 1 390 770 546
36498 16708 12049 1 390 770 516
36450 16706 12049 1 390 770 537
36401 16699 12050 1 350 780 536
36349 16693 12051 1 350 780 524
36300 16687 12051 1 350 780 552
36255 16681 12053 1 350 780 531
36214 16675 12058 1 350 780 550
36173 16669 12060 1 350 780 564
36135 16663 12068 1 350 780 525
36100 16659 12070 1 350 780 577
36067 16655 12073 1 350 780 555
36041 16651 12074 1 350 780 550
36016 16646 12074 1 350 780 558
35985 16640 12076 1 350 780 542
35952 16631 12078 1 320 770 562
35924 16623 12079 1 320 770 557
35893 16611 12080 1 360 770 544
35865 16601 12080 1 360 770 572
35836 16590 12082 1 360 770 554
35802 16575 12086 1 360 770 551
35766 16559 12090 1 360 770 557
35730 16540 12090 1 390 760 535
35696 16520 12091 1 390 760 568
35659 16500 12094 1 390 760 558
35628 16480 12098 1 370 750 546
35599 16457 12105 1 370 750 574
35572 16429 12106 1 400 750 551
35544 16400 12107 1 400 750 553
35512 16368 12108 1 400 750 558
35478 16332 12113 1 400 750 539
35446 16293 12113 1 400 750 563
35416 16240 12120 1 400 750 549
35389 16173 12122 1 370 740 512
35360 16096 12132 1 370 740 558
35326 16021 12135 1 370 740 525
35293 15953 12137 1 370 740 534
35252 15884 12141 1 350 730 547
35197 15824 12148 1 380 720 521
35147 15769 12160 1 380 720 559
35100 15725 12161 1 380 720 543
35049 15686 12169 1 360 720 519
35000 15653 12179 1 360 720 534
34963 15627 12201 1 360 720 531
34930 15599 12201 1 360 720 553
34906 15563 12208 1 370 700 559
34888 15532 12210 1 370 700 535
34875 15494 12211 1 370 700 580
34867 15462 12211 1 350 700 572
34860 15448 12214 1 370 690 551
34855 15431 12216 1 370 690 579
34851 15417 12218 1 370 690 547
34849 15405 12221 1 350 680 562
34848 15396 12223 1 380 680 571
34848 15391 12228 1 380 680 543
34848 15387 12233 1 380 680 576
34848 15379 12238 1 360 670 568
34848 15365 12239 1 360 670 549
34852 15351 12240 1 380 660 576
34858 15334 12244 1 380 660 555
34865 15316 12253 1 380 660 570
34876 15294 12255 1 380 660 570
34891 15266 12259 1 380 660 543
34914 15243 12268 1 380 660 570
34936 15202 12270 1 380 660 565
34972 15155 12271 1 380 660 543
35028 15104 12273 1 360 660 562
35101 15052 12274 1 340 660 524
35197 14995 12280 1 340 660 532
35277 14948 12284 1 340 660 545
35322 14920 12289 1 340 660 507
35362 14898 12296 1 320 670 531
35405 14876 12298 1 320 670 526
35440 14859 12299 1 340 670 503
35470 14844 12302 1 340 670 531
35499 14833 12305 1 320 680 502
35531 14823 12306 1 320 680 514
35563 14816 12306 1 320 680 512
35600 14810 12309 1 310 690 487
35639 14805 12312 1 310 690 521
35683 14797 12344 1 310 690 502
35738 14785 12388 1 280 700 485
35790 14772 12430 1 300 710 500
35833 14750 12457 1 300 710 484
35871 14730 12483 1 300 710 496
35903 14710 12505 1 270 710 491
35931 14691 12526 1 270 710 468
35959 14676 12545 1 270 710 511
35984 14657 12558 1 270 710 506
36003 14639 12560 1 250 710 488
36023 14617 12564 1 250 710 516
36042 14594 12565 1 230 710 497
36060 14571 12571 1 230 710 513
36077 14547 12576 1 230 710 517
36094 14523 12577 1 210 710 498
36113 14497 12579 1 210 710 542
36125 14468 12580 1 210 710 523
36133 14432 12580 1 200 700 501
36141 14391 12588 1 200 700 529
36152 14351 12589 1 170 700 516
36163 14317 12601 1 170 700 537
36183 14282 12607 1 160 690 536
36214 14238 12609 1 160 690 514
36255 14188 12614 1 160 690 538
36310 14132 12614 1 140 690 523
36360 14080 12615 1 140 690 518
36394 14044 12615 1 140 690 546
36422 14014 12616 1 130 690 542
36442 13957 12617 1 130 690 560
36458 13898 12625 1 130 690 552
36474 13848 12629 1 130 690 518
36496 13806 12630 1 120 680 576
36519 13774 12634 1 120 680 557
36541 13752 12636 1 120 680 540
36562 13734 12647 1 120 680 559
36593 13710 12648 1 100 680 537
36631 13685 12658 1 100 680 560
36664 13662 12661 1 100 680 537
36691 13641 12670 1 100 680 529
36715 13623 12671 1 90 670 559
36733 13612 12676 1 120 670 531
36762 13601 12680 1 120 670 518
36804 13592 12685 1 120 670 541
36829 13587 12689 1 120 670 518
36872 13583 12690 1 120 670 531
36910 13581 12691 1 120 670 531
36947 13582 12692 1 130 650 505
36987 13582 12695 1 130 650 529
37028 13584 12697 1 130 650 512
37067 13586 12697 1 130 650 504
37103 13589 12709 1 130 650 525
37134 13593 12713 1 130 650 498
37164 13597 12713 1 130 650 517
37194 13601 12714 1 130 650 514
37228 13605 12714 1 130 650 492
37260 13612 12715 1 130 650 522
37289 13623 12720 1 130 640 499
37320 13636 12723 1 110 650 498
37355 13652 12724 1 110 650 511
37391 13672 12725 1 110 650 492
37431 13697 12726 1 110 660 505
37479 13730 12730 1 90 660 498
37548 13766 12740 1 90 660 480
37620 13811 12744 1 90 660 498
37688 13859 12760 1 90 660 476
37750 13904 12760 1 70 660 476
37814 13957 12769 1 70 660 485
37886 14018 12783 1 70 660 457
37961 14086 12787 1 70 660 478
38026 14152 12799 1 40 660 472
38082 14203 12808 1 50 670 439
38127 14231 12815 1 50 670 472
38165 14257 12822 1 20 670 447
38199 14281 12829 1 20 670 456
38227 14302 12832 1 20 670 460
38250 14323 12833 1 0 670 441
38271 14346 12860 1 0 670 464
38289 14369 12864 1 0 680 466
38313 14389 12880 1 0 680 441
38340 14408 12887 1 0 680 470
38363 14424 12912 1 0 680 452
38387 14443 12912 1 0 680 455
38416 14466 12934 1 0 680 466
38456 14489 12943 1 0 690 447
38486 14512 12958 1 0 690 468
38509 14539 12960 1 0 690 458
38529 14563 12993 1 0 690 429
38547 14588 13000 1 0 690 460
38563 14614 13010 1 0 700 429
38575 14646 13029 1 0 700 440
38584 14682 13038 1 0 700 450
38589 14717 13062 1 0 710 420
38594 14751 13064 1 0 710 462
38599 14782 13073 1 0 710 451
38603 14815 13090 1 0 710 432
38607 14848 13105 1 0 710 461
38609 14883 13113 1 0 710 438
38609 14920 13120 1 0 710 453
38610 14960 13135 1 0 710 451
38612 14997 13153 1 0 710 424
38613 15030 13159 1 0 710 458
38613 15067 13166 1 0 710 432
38611 15102 13169 1 0 710 430
38605 15144 13194 1 0 710 464
38599 15192 13205 1 0 710 436
38590 15247 13207 1 0 710 447
38582 15303 13255 1 0 710 454
38575 15362 13263 1 0 710 429
38568 15420 13271 1 0 710 465
38560 15468 13303 1 0 710 455
38554 15506 13334 1 0 710 440
38550 15537 13347 1 0 710 466
38547 15566 13355 1 0 710 438
38544 15599 13379 1 0 710 464
38540 15632 13398 1 0 710 458
38538 15662 13411 1 0 710 430
38535 15695 13430 1 0 720 464
38529 15720 13445 1 0 720 455
38525 15742 13445 1 30 720 440
38518 15762 13462 1 30 720 461
38510 15776 13492 1 30 720 444
38502 15792 13493 1 30 720 468
38493 15812 13515 1 30 720 475
38480 15837 13528 1 30 720 450
38468 15864 13529 1 30 720 492
38454 15891 13545 1 30 720 474
38440 15913 13552 1 30 720 461
38429 15932 13567 1 30 730 480
38419 15950 13573 1 0 730 452
38406 15975 13574 1 0 730 473
38390 16004 13584 1 0 730 477
38363 16037 13590 1 0 730 451
38325 16072 13618 1 0 730 489
38293 16105 13651 1 0 730 472
38266 16143 13678 1 0 730 461
38236 16183 13692 1 0 730 482
38208 16219 13706 1 30 730 467
38185 16254 13730 1 30 730 489
38163 16286 13754 1 30 730 487
38141 16310 13773 1 30 730 461
38120 16331 13795 1 30 730 496
38093 16351 13816 1 30 740 481
38066 16367 13838 1 30 740 472
38032 16383 13864 1 70 740 491
37993 16397 13893 1 70 740 471
37953 16411 13917 1 70 740 496
37908 16423 13926 1 70 740 498
37860 16437 13936 1 70 740 474
37816 16452 13949 1 70 740 505
37773 16465 13962 1 110 750 512
37733 16478 13975 1 110 750 507
37702 16491 13976 1 110 750 522
37670 16500 13976 1 110 750 500
37641 16506 13978 1 110 750 520
37609 16512 13979 1 110 750 512
37577 16515 13979 1 120 760 492
37544 16518 13981 1 120 760 525
37512 16521 13982 1 160 750 503
37481 16527 13986 1 160 750 512
37447 16533 13988 1 160 750 526
37414 16541 13992 1 160 750 508
37378 16551 13992 1 160 750 530
37343 16561 13993 1 160 750 531
37311 16571 13995 1 190 750 511
37283 16581 13996 1 210 760 549
37257 16590 13999 1 210 760 530
37236 16596 14004 1 240 760 528
37219 16601 14011 1 240 760 541
37206 16605 14018 1 240 760 524
37192 16612 14029 1 240 760 547
37177 16620 14042 1 280 750 547
37163 16628 14056 1 280 750 536
37149 16636 14069 1 280 750 568
37138 16642 14080 1 310 750 544
37126 16646 14090 1 330 760 545
37109 16651 14098 1 330 760 559
37087 16656 14102 1 330 760 539
37063 16660 14103 1 370 750 561
37041 16663 14103 1 370 750 561
37017 16665 14105 1 370 750 540
36994 16667 14108 1 370 750 574
36971 16669 14112 1 400 750 555
36950 16671 14112 1 420 750 563
36935 16674 14113 1 420 750 572
36921 16677 14114 1 420 750 550
36905 16680 14115 1 420 750 571
36887 16683 14115 1 420 750 559
36868 16685 14116 1 420 750 538
36847 16686 14116 1 420 750 574
36828 16687 14118 1 420 750 555
36802 16687 14119 1 420 750 573
36770 16688 14124 1 420 750 581
36733 16688 14124 1 420 750 551
36689 16688 14128 1 420 750 580
36643 16685 14128 1 390 760 573
36593 16680 14128 1 390 760 536
36541 16675 14129 1 390 760 561
36489 16670 14129 1 360 770 557
36444 16666 14130 1 360 770 568
36410 16662 14131 1 360 770 576
36383 16657 14131 1 360 770 563
36360 16647 14132 1 360 770 589
36336 16636 14133 1 360 770 564
36311 16623 14134 1 360 770 546
36282 16608 14135 1 360 770 593
36253 16593 14135 1 360 770 551
36223 16578 14137 1 360 770 564
36190 16561 14138 1 360 770 578
36148 16544 14139 1 320 770 558
36110 16530 14139 1 300 760 582
36076 16515 14141 1 300 760 585
36053 16503 14141 1 300 760 561
36038 16494 14142 1 330 760 598
36033 16485 14142 1 330 760 581
36029 16481 14144 1 330 760 593
36026 16476 14144 1 330 760 595
36022 16470 14145 1 310 750 564
36014 16464 14145 1 310 750 594
36003 16454 14145 1 310 750 585
35987 16442 14145 1 310 750 567
35967 16429 14145 1 310 750 585
35940 16416 14145 1 310 750 574
35911 16403 14145 1 310 750 587
35883 16392 14146 1 310 750 588
35851 16378 14146 1 340 740 574
35823 16364 14147 1 340 740 598
35799 16350 14150 1 340 740 580
35774 16335 14152 1 340 740 586
35750 16322 14153 1 340 740 595
35724 16311 14154 1 340 740 578
35693 16297 14154 1 340 740 589
35657 16279 14155 1 340 740 587
35615 16258 14155 1 320 740 566
35571 16231 14156 1 320 740 596
35532 16203 14157 1 320 740 573
35495 16177 14157 1 320 740 571
35461 16150 14157 1 320 740 593
35434 16125 14157 1 350 730 568
35405 16099 14157 1 350 730 588
35378 16077 14158 1 350 730 578
35355 16055 14159 1 350 730 545
35334 16034 14159 1 350 730 581
35319 16015 14160 1 350 730 564
35308 15999 14160 1 330 720 548
35298 15984 14161 1 360 720 572
35285 15967 14163 1 360 720 545
35265 15950 14164 1 360 720 552
35249 15931 14164 1 360 720 556
35232 15914 14165 1 360 720 541
35214 15899 14165 1 360 720 572
35192 15886 14167 1 380 710 554
35174 15872 14167 1 380 710 545
35162 15859 14169 1 380 710 569
35160 15843 14171 1 380 710 546
35161 15821 14172 1 380 710 569
35162 15799 14173 1 380 710 560
35163 15776 14174 1 370 700 537
35163 15756 14174 1 370 700 574
35164 15741 14176 1 390 700 557
35166 15729 14180 1 390 700 556
35180 15713 14182 1 390 700 574
35202 15690 14182 1 390 700 548
35222 15662 14183 1 390 700 563
35245 15627 14187 1 370 690 545
35264 15594 14190 1 370 690 524
35285 15559 14192 1 370 690 563
35297 15528 14194 1 370 690 542
35314 15491 14194 1 350 700 544
35334 15451 14194 1 350 700 556
35359 15406 14199 1 330 690 535
35386 15361 14202 1 330 690 549
35410 15316 14203 1 330 690 552
35433 15279 14203 1 330 690 525
35450 15249 14204 1 330 690 558
35469 15219 14205 1 310 690 538
35490 15189 14207 1 290 680 534
35515 15156 14210 1 290 680 554
35539 15128 14241 1 290 680 525
35558 15104 14279 1 290 680 554
35572 15089 14308 1 280 680 553
35582 15080 14327 1 260 680 530
35592 15073 14345 1 260 680 564
35602 15069 14359 1 260 680 545
35612 15061 14378 1 260 680 543
35630 15045 14411 1 250 670 556
35653 15021 14455 1 260 680 532
35689 14983 14502 1 260 680 555
35740 14934 14517 1 260 680 543
35784 14875 14518 1 260 680 516
35831 14806 14525 1 260 680 554
35872 14734 14534 1 260 680 528
35903 14668 14535 1 260 680 522
35922 14624 14535 1 260 680 566
35929 14601 14536 1 250 690 553
35927 14591 14538 1 250 690 575
35926 14584 14541 1 250 690 574
35925 14578 14549 1 250 690 552
35924 14573 14556 1 250 690 577
35924 14564 14560 1 260 700 553
35935 14552 14561 1 260 700 552
35946 14532 14567 1 260 700 550
35962 14508 14571 1 260 700 538
35977 14488 14575 1 260 700 561
35989 14472 14580 1 220 700 553
36001 14458 14582 1 220 700 539
36012 14448 14584 1 220 700 566
36021 14440 14589 1 220 700 543
36032 14430 14592 1 220 700 551
36050 14413 14598 1 220 700 562
36077 14390 14599 1 210 690 535
36115 14362 14601 1 210 690 557
36165 14328 14606 1 210 690 556
36215 14301 14607 1 210 690 526
36264 14284 14609 1 210 690 562
36319 14264 14612 1 190 690 541
36380 14249 14613 1 190 690 542
36439 14229 14613 1 180 680 539
36495 14211 14614 1 180 680 525
36541 14201 14615 1 180 680 549
36574 14196 14617 1 180 680 544
36610 14193 14618 1 180 680 528
36642 14191 14618 1 150 680 555
36680 14188 14619 1 150 670 534
36717 14185 14619 1 150 670 551
36755 14182 14621 1 150 670 552
36793 14179 14626 1 150 670 527
36828 14180 14632 1 150 670 551
36868 14183 14640 1 150 670 544
36917 14188 14645 1 170 670 528
36972 14198 14650 1 170 670 553
37029 14208 14652 1 160 660 530
37081 14229 14654 1 170 670 531
37131 14251 14654 1 170 670 527
37183 14272 14658 1 170 670 499
37232 14289 14703 1 170 670 530
37281 14303 14756 1 190 670 521
37331 14314 14814 1 190 670 500
37371 14324 14864 1 190 670 526
37409 14333 14911 1 190 670 514
37444 14342 14942 1 190 670 523
37469 14350 14960 1 190 670 527
37495 14357 14985 1 170 670 502
37526 14367 15008 1 170 670 538
37559 14376 15033 1 170 670 526
37604 14382 15059 1 170 670 514
37652 14389 15088 1 150 670 537
37696 14395 15111 1 150 670 514
37739 14402 15136 1 150 670 526
37780 14410 15160 1 150 680 526
37821 14416 15183 1 130 690 498
37862 14426 15205 1 130 690 528
37898 14438 15224 1 130 690 519
37932 14455 15243 1 130 690 505
37963 14476 15267 1 130 690 522
37996 14500 15292 1 130 690 498
38034 14529 15325 1 100 690 511
38075 14568 15380 1 100 690 501
38132 14616 15432 1 100 690 477
38187 14669 15486 1 100 690 505
38228 14724 15509 1 110 700 492
38258 14774 15512 1 110 700 470
38280 14816 15514 1 80 700 494
38298 14854 15517 1 80 700 468
38316 14889 15520 1 80 700 494
38331 14919 15522 1 80 700 490
38347 14944 15524 1 80 700 475
38361 14969 15525 1 50 700 512
38374 14990 15528 1 50 700 495
38392 15014 15528 1 60 710 477
38412 15038 15530 1 60 710 508
38430 15068 15530 1 60 710 486
38447 15101 15532 1 60 710 513
38463 15132 15532 1 60 710 502
38475 15165 15533 1 60 710 472
38486 15198 15536 1 30 710 506
38496 15233 15539 1 30 710 493
38506 15268 15540 1 30 700 478
38517 15305 15548 1 30 700 500
38528 15344 15548 1 30 700 476
38538 15379 15548 1 30 700 500
38548 15418 15552 1 30 700 496
38556 15459 15555 1 30 700 469
38562 15494 15557 1 30 700 518
38565 15529 15562 1 30 700 492
38565 15562 15567 1 30 700 478
38565 15586 15569 1 30 700 502
38564 15609 15575 1 30 700 479
38564 15630 15577 1 30 700 497
38557 15650 15578 1 30 700 500
38548 15674 15579 1 30 700 483
38536 15703 15583 1 30 700 540
38522 15736 15585 1 30 710 514
38510 15761 15586 1 30 710 509
38495 15786 15587 1 30 710 526
38477 15812 15587 1 30 710 508
38459 15842 15588 1 30 710 524
38437 15874 15590 1 30 710 516
38412 15907 15591 1 30 710 498
38383 15949 15594 1 30 720 527
38345 15988 15596 1 30 720 507
38302 16017 15597 1 30 720 503
38250 16046 15597 1 30 720 506
38208 16065 15601 1 30 720 489
38166 16090 15601 1 30 720 508
38128 16118 15604 1 30 720 501
38096 16142 15605 1 60 720 487
38065 16166 15606 1 60 720 528
38040 16190 15607 1 70 730 511
38016 16216 15609 1 70 730 513
37991 16242 15610 1 70 730 524
37967 16267 15610 1 70 730 502
37949 16288 15613 1 100 730 521
37937 16303 15613 1 100 730 519
37930 16313 15613 1 100 730 496
37925 16321 15615 1 100 730 525
37920 16327 15615 1 100 730 505
37911 16337 15616 1 100 740 511
37897 16348 15623 1 140 740 524
37882 16358 15632 1 140 740 504
37869 16368 15632 1 140 740 523
37858 16376 15642 1 140 740 518
37844 16394 15645 1 140 740 502
37826 16415 15652 1 140 740 536
37805 16440 15654 1 140 740 530
37785 16471 15655 1 140 740 533
37771 16492 15655 1 150 750 547
37761 16510 15668 1 150 750 528
37751 16525 15669 1 150 750 553
37741 16535 15681 1 150 750 552
37734 16545 15682 1 180 740 535
37727 16555 15686 1 180 740 562
37718 16566 15694 1 180 740 541
37709 16576 15695 1 180 740 558
37701 16586 15695 1 190 750 563
37692 16596 15705 1 190 750 545
37683 16604 15709 1 190 750 574
37672 16615 15710 1 190 750 570
37657 16626 15720 1 190 750 559
37639 16638 15723 1 190 750 587
37619 16651 15730 1 210 760 564
37598 16662 15733 1 210 760 579
37579 16672 15737 1 210 760 585
37561 16680 15741 1 240 760 564
37543 16688 15748 1 240 760 598
37525 16695 15748 1 240 760 590
37506 16701 15751 1 260 770 573
37489 16707 15763 1 260 770 605
37474 16712 15766 1 260 770 582
37456 16716 15775 1 260 770 597
37432 16721 15778 1 260 770 600
37400 16727 15780 1 260 770 575
37366 16732 15781 1 320 770 607
37335 16736 15793 1 320 770 595
37308 16738 15794 1 320 770 581
37284 16740 15798 1 320 770 605
37255 16741 15799 1 320 770 588
37224 16742 15801 1 360 770 605
37189 16743 15814 1 360 770 601
37151 16744 15816 1 360 770 575
37114 16745 15836 1 360 770 611
37077 16746 15845 1 420 770 596
37036 16746 15847 1 420 770 580
36993 16743 15855 1 420 770 595
36947 16739 15873 1 420 770 574
36898 16736 15876 1 450 760 590
36847 16730 15890 1 450 760 589
36796 16723 15895 1 420 750 579
36742 16715 15907 1 420 750 589
36690 16705 15920 1 420 750 593
36643 16693 15920 1 420 750 568
36595 16681 15923 1 420 750 610
36546 16667 15933 1 420 750 556
36500 16654 15945 1 390 760 591
36451 16641 15957 1 390 760 588
36408 16629 15964 1 390 760 559
36375 16618 15968 1 390 760 599
36347 16607 15973 1 370 750 602
36327 16598 15979 1 370 750 583
36311 16591 15991 1 330 760 610
36298 16584 16007 1 330 760 589
36286 16580 16011 1 330 760 603
36274 16577 16021 1 330 760 604
36263 16574 16024 1 310 750 583
36248 16571 16035 1 310 750 620
36229 16565 16046 1 310 750 602
36202 16556 16054 1 310 750 589
36168 16544 16056 1 310 750 597
36129 16529 16058 1 310 750 601
36086 16512 16059 1 310 750 614
36040 16491 16059 1 310 750 613
35988 16467 16060 1 320 740 565
35934 16444 16063 1 320 740 617
35883 16415 16063 1 320 740 607
35838 16388 16067 1 320 740 585
35796 16364 16069 1 320 740 618
35754 16339 16072 1 320 740 597
35716 16316 16073 1 320 740 614
35667 16290 16079 1 350 730 611
35615 16262 16080 1 350 730 590
35569 16231 16081 1 350 730 597
35528 16199 16081 1 350 730 594
35490 16169 16085 1 330 720 602
35458 16138 16090 1 330 720 607
35431 16112 16091 1 360 720 597
35406 16090 16095 1 360 720 600
35383 16071 16095 1 360 720 612
35363 16051 16096 1 360 720 584
35348 16030 16101 1 360 720 617
35334 16012 16101 1 360 720 590
35314 15991 16108 1 360 720 598
35285 15970 16110 1 360 720 612
35262 15949 16110 1 380 710 578
35242 15926 16111 1 380 710 607
35228 15901 16121 1 380 710 613
35210 15874 16122 1 370 700 589
35192 15847 16122 1 370 700 616
35172 15817 16124 1 370 700 595
35155 15785 16132 1 370 700 598
35143 15754 16134 1 370 700 603
35133 15725 16134 1 390 700 589
35125 15700 16138 1 390 700 612
35114 15683 16140 1 390 700 613
35101 15666 16146 1 390 700 587
35095 15639 16147 1 390 700 617
35090 15602 16155 1 370 690 595
35087 15563 16156 1 370 690 594
35086 15529 16156 1 370 690 602
35083 15503 16157 1 370 690 590
35083 15486 16157 1 370 690 609
35084 15471 16158 1 370 690 597
35085 15450 16159 1 350 680 580
35087 15429 16160 1 350 680 596
35091 15405 16164 1 350 680 587
35106 15379 16166 1 350 680 581
35119 15356 16167 1 350 680 597
35131 15329 16169 1 350 680 570
35138 15306 16171 1 350 680 600
35139 15284 16172 1 340 670 587
35141 15263 16172 1 340 670 583
35142 15245 16172 1 340 670 611
35143 15229 16176 1 340 670 599
35144 15212 16177 1 340 670 608
35144 15194 16180 1 320 670 615
35146 15171 16180 1 320 670 590
35148 15142 16182 1 320 670 613
35149 15112 16186 1 320 670 597
35151 15087 16186 1 320 670 584
35152 15067 16190 1 320 670 621
35153 15056 16192 1 320 670 601
35153 15049 16192 1 320 670 610
35157 15040 16193 1 340 670 615
35162 15026 16195 1 340 670 590
35169 15013 16198 1 340 670 616
35182 14993 16202 1 340 670 611
35197 14971 16203 1 340 670 591
35214 14947 16204 1 350 680 624
35235 14923 16206 1 350 680 599
35254 14902 16206 1 350 680 613
35275 14882 16209 1 350 680 614
35294 14867 16210 1 350 680 591
35309 14852 16210 1 350 680 621
35329 14836 16211 1 350 680 610
35347 14820 16215 1 350 680 587
35368 14797 16217 1 350 680 615
35387 14774 16217 1 350 680 584
35404 14758 16222 1 330 690 600
35423 14741 16224 1 330 690 603
35437 14730 16229 1 330 690 571
35452 14717 16229 1 330 690 599
35474 14704 16233 1 330 690 589
35506 14684 16236 1 330 690 576
35544 14661 16236 1 320 680 598
35584 14639 16238 1 290 680 557
35624 14618 16242 1 290 680 578
35663 14597 16248 1 290 680 578
35706 14573 16254 1 290 680 560
35751 14537 16258 1 290 680 595
35796 14493 16260 1 280 680 585
35840 14441 16269 1 260 680 556
35890 14387 16274 1 260 680 584
35940 14339 16275 1 260 680 560
35990 14298 16276 1 260 680 585
36044 14262 16277 1 240 680 584
36088 14228 16280 1 240 680 556
36136 14199 16281 1 220 670 587
36179 14172 16284 1 200 680 576
36209 14151 16286 1 200 680 564
36226 14137 16287 1 200 680 586
36246 14115 16290 1 200 680 563
36284 14090 16293 1 180 680 588
36322 14074 16296 1 180 680 584
36366 14056 16297 1 170 670 557
36423 14044 16302 1 170 670 593
36480 14035 16306 1 170 670 581
36541 14026 16307 1 170 670 570
36604 14012 16313 1 150 670 593
36660 13992 16314 1 150 670 571
36716 13973 16319 1 150 670 588
36765 13958 16321 1 140 660 595
36810 13949 16334 1 160 660 570
36848 13944 16339 1 160 660 608
36893 13936 16343 1 160 660 587
36944 13927 16346 1 160 660 580
36998 13917 16358 1 160 660 591
37063 13908 16360 1 160 660 575
37106 13901 16361 1 160 660 593
37149 13892 16362 1 160 660 596
37194 13881 16363 1 160 660 569
37245 13870 16364 1 180 660 599
37293 13867 16365 1 160 660 585
37334 13869 16366 1 160 660 576
37371 13871 16366 1 160 660 590
37404 13878 16366 1 160 660 568
37436 13886 16367 1 160 660 593
37469 13892 16369 1 160 660 588
37500 13902 16374 1 140 660 563
37529 13916 16379 1 140 660 596
37556 13932 16381 1 140 660 582
37578 13954 16384 1 140 660 570
37601 13977 16389 1 120 670 586
37622 14004 16390 1 120 670 568
37639 14040 16391 1 120 670 580
37653 14083 16392 1 120 670 577
37665 14130 16392 1 120 680 556
37684 14188 16394 1 120 680 592
37714 14238 16395 1 120 680 569
37743 14292 16396 1 100 680 569
37767 14356 16399 1 100 680 576
37788 14423 16401 1 100 680 551
37808 14472 16401 1 100 680 579
37832 14500 16403 1 100 690 574
37857 14532 16403 1 100 690 554
37881 14568 16404 1 100 690 577
37902 14601 16404 1 80 690 569
37922 14633 16404 1 80 690 556
37943 14661 16405 1 80 700 570
37966 14683 16405 1 80 700 549
38024 14708 16405 1 80 700 560
38097 14729 16405 1 80 700 568
38172 14757 16407 1 50 700 537
38247 14789 16410 1 50 700 571
38315 14820 16412 1 50 700 543
38378 14859 16417 1 30 700 535
38436 14893 16419 1 30 710 542
38478 14926 16423 1 30 710 516
38508 14957 16428 1 30 710 532
38529 14991 16429 1 30 710 530
38540 15025 16430 1 30 710 508
38551 15058 16432 1 30 710 534
38561 15094 16437 1 30 710 516
38569 15124 16439 1 30 710 518
38577 15163 16452 1 30 700 535
38583 15210 16474 1 50 700 511
38588 15264 16504 1 50 700 530
38591 15320 16538 1 50 700 525
38595 15375 16569 1 50 700 502
38597 15431 16599 1 50 690 527
38593 15495 16633 1 80 690 505
38587 15554 16664 1 80 690 514
38582 15612 16696 1 80 690 514
38575 15674 16729 1 100 690 492
38567 15733 16761 1 100 690 505
38559 15791 16785 1 100 690 479
38548 15848 16801 1 100 690 450
38540 15890 16810 1 100 690 460
38531 15930 16819 1 80 700 423
38522 15961 16827 1 80 700 404
38514 15978 16836 1 80 700 400
38504 15991 16843 1 90 710 362
38493 16002 16850 1 60 710 375
38480 16010 16856 1 60 710 352
38465 16018 16863 1 60 710 318
38450 16025 16873 1 60 720 320
38430 16033 16884 1 30 720 283
38409 16041 16895 1 30 720 253
38385 16050 16907 1 30 720 203
38355 16061 16920 1 0 720 152
38317 16074 16936 1 0 720 128
38267 16091 16954 1 0 720 66
