50249 30837 444 1 1780 670 736
49341 30674 444 1 1750 670 778
49205 30649 445 1 1750 680 773
48819 30545 445 1 1730 680 774
48756 30525 445 1 1730 680 771
48742 30524 445 1 1730 680 774
48720 30520 446 1 1730 680 771
48695 30515 449 1 1730 680 768
48673 30511 449 1 1730 680 769
48654 30505 451 1 1730 680 772
48645 30503 453 1 1730 680 770
48640 30500 456 1 1720 690 768
48636 30498 458 1 1720 690 767
48633 30496 461 1 1700 690 769
48631 30495 463 1 1700 690 765
48630 30494 466 1 1700 690 765
48628 30492 469 1 1700 690 765
48628 30492 472 1 1700 690 764
48628 30492 474 1 1700 690 767
48627 30492 477 1 1700 690 765
48627 30491 480 1 1700 690 766
48627 30491 483 1 1700 690 768
48627 30491 486 1 1700 690 767
48627 30491 489 1 1700 690 768
48626 30491 491 1 1670 690 769
48627 30489 494 1 1670 690 768
48627 30489 497 1 1670 690 769
48626 30489 500 1 1670 690 770
48627 30489 503 1 1670 690 769
48626 30489 506 1 1670 690 771
48626 30488 506 1 1700 690 770
48626 30488 509 1 1700 690 771
48627 30488 512 1 1700 690 772
48627 30488 515 1 1700 690 771
48627 30488 518 1 1700 690 774
48628 30488 521 1 1700 690 773
48628 30487 524 1 1700 690 772
48628 30487 527 1 1700 690 775
48629 30487 531 1 1700 690 775
48629 30487 534 1 1700 690 776
48629 30487 537 1 1700 690 777
48629 30486 540 1 1700 690 776
48630 30486 543 1 1700 690 779
48630 30486 545 1 1700 690 780
48630 30486 547 1 1700 690 778
48631 30486 550 1 1700 690 780
48631 30485 553 1 1700 690 780
48631 30485 556 1 1700 690 781
48632 30485 560 1 1700 690 782
48632 30485 563 1 1700 690 782
48632 30485 567 1 1700 690 787
48633 30485 570 1 1700 690 791
48633 30484 573 1 1700 690 791
48633 30484 577 1 1700 690 796
48634 30484 580 1 1700 690 795
48634 30484 583 1 1700 690 799
48633 30484 588 1 1700 690 798
48633 30484 591 1 1700 690 795
48633 30484 595 1 1700 690 798
48631 30484 599 1 1700 690 798
48631 30484 603 1 1720 690 797
48629 30484 607 1 1720 690 800
48627 30484 610 1 1720 690 800
48623 30484 613 1 1720 690 805
48617 30487 616 1 1720 700 805
48610 30490 619 1 1720 700 801
48603 30494 623 1 1720 700 808
48598 30496 626 1 1720 700 808
48596 30498 631 1 1720 700 806
48594 30499 635 1 1720 700 808
48593 30501 639 1 1720 700 805
48593 30502 643 1 1720 700 806
48591 30504 647 1 1720 700 806
48589 30507 651 1 1720 700 803
48588 30508 656 1 1720 700 808
48588 30510 660 1 1720 690 808
48587 30511 665 1 1720 690 807
48586 30512 669 1 1720 690 811
48586 30512 673 1 1720 690 810
48586 30513 678 1 1720 690 815
48585 30514 683 1 1720 690 815
48585 30517 687 1 1720 690 813
48584 30520 692 1 1720 690 816
48584 30523 696 1 1720 690 816
48582 30526 700 1 1720 690 816
48579 30529 704 1 1720 690 822
48574 30533 707 1 1720 690 823
48565 30543 710 1 1720 690 827
48551 30558 711 1 1720 690 828
48531 30579 712 1 1720 690 822
48507 30606 713 1 1720 690 830
48484 30632 715 1 1720 690 825
48464 30656 716 1 1720 690 826
48445 30678 718 1 1720 690 835
48425 30700 719 1 1720 690 832
48407 30721 723 1 1720 690 834
48386 30740 727 1 1720 690 840
48370 30758 733 1 1720 690 841
48358 30769 737 1 1720 690 851
48352 30776 743 1 1720 690 854
48348 30781 748 1 1700 690 859
48345 30784 754 1 1700 690 865
48342 30786 759 1 1700 690 865
48341 30787 765 1 1700 690 869
48338 30790 771 1 1700 690 869
48334 30791 776 1 1690 700 868
48327 30794 782 1 1690 700 872
48317 30802 787 1 1690 700 869
48304 30809 792 1 1690 700 867
48289 30820 797 1 1690 700 871
48272 30838 802 1 1690 700 869
48252 30856 806 1 1690 700 863
48230 30878 812 1 1690 700 870
48201 30902 818 1 1690 700 864
48169 30928 824 1 1690 700 870
48138 30955 828 1 1690 700 859
48107 30983 833 1 1690 700 869
48079 31012 839 1 1690 700 865
48054 31036 845 1 1690 700 864
48030 31057 851 1 1690 700 872
48010 31078 857 1 1690 700 872
47985 31100 863 1 1700 690 869
47963 31123 869 1 1700 690 863
47938 31146 875 1 1700 690 867
47913 31170 882 1 1700 690 869
47892 31192 887 1 1700 690 864
47871 31213 894 1 1700 690 863
47851 31233 900 1 1700 690 870
47831 31254 907 1 1700 690 866
47809 31274 908 1 1700 690 866
47786 31297 913 1 1670 690 868
47766 31317 920 1 1670 690 868
47743 31334 925 1 1670 690 873
47720 31349 930 1 1670 690 871
47693 31366 934 1 1670 690 865
47663 31387 938 1 1670 690 868
47635 31406 942 1 1670 690 862
47608 31427 947 1 1670 690 863
47584 31448 952 1 1670 690 861
47561 31469 956 1 1650 670 855
47536 31490 961 1 1650 670 859
47510 31514 964 1 1650 670 857
47486 31535 969 1 1650 670 849
47466 31555 974 1 1650 670 853
47446 31573 980 1 1650 670 858
47427 31588 985 1 1650 670 852
47407 31601 991 1 1630 670 855
47383 31615 996 1 1630 670 853
47359 31628 1004 1 1630 670 846
47333 31639 1014 1 1630 670 848
47312 31649 1024 1 1630 670 847
47291 31658 1034 1 1630 670 850
47270 31666 1045 1 1630 670 846
47246 31672 1056 1 1630 670 846
47223 31679 1070 1 1630 670 847
47204 31684 1082 1 1640 660 847
47187 31688 1095 1 1640 660 850
47168 31694 1108 1 1640 660 850
47149 31706 1120 1 1640 660 841
47126 31723 1126 1 1640 660 848
47086 31746 1148 1 1610 670 840
47052 31769 1170 1 1610 670 840
47022 31789 1194 1 1630 670 850
46995 31810 1217 1 1630 670 841
46968 31838 1246 1 1630 670 837
46945 31866 1275 1 1620 680 837
46926 31894 1307 1 1620 680 835
46912 31919 1335 1 1620 680 840
46902 31940 1361 1 1620 680 835
46895 31960 1387 1 1650 680 836
46888 31980 1411 1 1650 680 838
46882 31998 1436 1 1640 690 833
46876 32013 1460 1 1660 690 839
46871 32028 1484 1 1660 690 838
46866 32039 1502 1 1660 690 832
46863 32049 1519 1 1660 690 837
46861 32056 1533 1 1690 700 837
46860 32058 1547 1 1690 700 835
46860 32059 1557 1 1690 700 837
46860 32059 1568 1 1690 700 835
46860 32059 1578 1 1690 700 836
46860 32059 1588 1 1690 700 835
46860 32059 1592 1 1690 700 831
46860 32059 1596 1 1690 700 834
46860 32059 1600 1 1690 700 832
46860 32060 1605 1 1690 700 832
46860 32060 1609 1 1690 700 833
46860 32060 1614 1 1690 700 830
46860 32060 1618 1 1690 710 833
46860 32061 1623 1 1690 710 833
46860 32061 1627 1 1690 710 830
46860 32061 1632 1 1690 710 834
46860 32061 1636 1 1690 710 831
46860 32062 1641 1 1690 710 831
46860 32062 1645 1 1690 710 832
46860 32062 1650 1 1690 710 830
46860 32063 1654 1 1690 710 832
46860 32063 1659 1 1690 710 831
46860 32063 1663 1 1690 710 829
46860 32064 1668 1 1690 710 833
46860 32064 1673 1 1690 710 831
46860 32064 1677 1 1690 710 832
46860 32065 1682 1 1690 710 833
46860 32066 1686 1 1690 710 829
46860 32066 1691 1 1690 710 830
46860 32067 1696 1 1690 710 829
46860 32067 1701 1 1690 710 824
46860 32067 1705 1 1690 710 825
46860 32068 1710 1 1690 710 822
46860 32068 1714 1 1690 710 822
46860 32068 1719 1 1690 710 823
46860 32069 1724 1 1690 710 821
46860 32069 1729 1 1690 710 827
46860 32069 1733 1 1690 710 828
46860 32070 1738 1 1690 710 827
46860 32070 1742 1 1690 710 831
46860 32070 1748 1 1690 710 829
46860 32071 1752 1 1690 710 830
46860 32072 1757 1 1690 710 829
46860 32074 1762 1 1690 710 824
46861 32076 1769 1 1690 710 827
46863 32079 1778 1 1690 710 826
46867 32083 1791 1 1690 710 824
46871 32089 1804 1 1690 710 827
46878 32098 1823 1 1690 710 826
46887 32109 1840 1 1690 710 828
46898 32120 1855 1 1690 710 829
46910 32131 1870 1 1690 710 825
46920 32145 1885 1 1690 710 829
46928 32154 1896 1 1690 710 827
46935 32163 1907 1 1690 710 826
46941 32173 1917 1 1690 710 828
46945 32182 1928 1 1690 710 824
46950 32195 1939 1 1690 710 823
46953 32209 1949 1 1690 710 827
46957 32221 1960 1 1690 710 825
46961 32233 1970 1 1690 710 830
46965 32247 1982 1 1690 700 828
46971 32262 1993 1 1690 700 826
46980 32280 2008 1 1690 700 831
46988 32298 2021 1 1690 700 825
46996 32313 2034 1 1690 700 831
47003 32328 2045 1 1690 700 833
47008 32340 2055 1 1690 700 830
47019 32354 2067 1 1690 700 835
47034 32373 2081 1 1670 690 829
47052 32392 2094 1 1670 690 823
47068 32409 2103 1 1670 690 829
47081 32426 2112 1 1650 680 829
47095 32442 2122 1 1650 680 830
47112 32462 2131 1 1650 680 827
47125 32480 2142 1 1650 680 825
47133 32498 2151 1 1630 670 834
47139 32517 2154 1 1630 670 834
47147 32537 2157 1 1630 670 832
47157 32570 2158 1 1630 670 828
47168 32603 2158 1 1630 670 819
47178 32634 2159 1 1630 670 829
47187 32663 2159 1 1610 670 830
47195 32687 2162 1 1610 670 822
47202 32714 2162 1 1630 670 828
47209 32741 2164 1 1630 670 830
47215 32766 2164 1 1630 670 829
47220 32788 2166 1 1640 660 830
47228 32806 2169 1 1640 660 830
47236 32827 2172 1 1640 660 829
47244 32846 2176 1 1640 660 827
47254 32868 2179 1 1640 660 826
47263 32890 2182 1 1660 660 830
47275 32913 2183 1 1660 660 826
47286 32935 2183 1 1660 660 821
47296 32956 2185 1 1660 660 826
47306 32980 2185 1 1660 660 826
47313 33004 2186 1 1660 660 825
47321 33030 2187 1 1660 660 825
47332 33064 2189 1 1660 660 821
47340 33095 2191 1 1660 660 820
47347 33119 2191 1 1660 660 820
47355 33144 2191 1 1660 660 821
47364 33166 2191 1 1660 660 815
47372 33187 2192 1 1660 660 818
47379 33206 2197 1 1660 660 822
47386 33224 2205 1 1670 650 822
47397 33247 2213 1 1670 650 817
47413 33279 2224 1 1670 650 819
47432 33313 2235 1 1670 650 816
47449 33350 2245 1 1670 650 814
47461 33378 2247 1 1670 650 813
47470 33399 2253 1 1670 650 815
47480 33416 2258 1 1670 650 816
47488 33433 2264 1 1670 650 812
47499 33451 2269 1 1690 660 812
47510 33468 2276 1 1690 660 813
47520 33486 2280 1 1690 650 809
47531 33503 2286 1 1690 650 810
47542 33515 2293 1 1690 650 810
47546 33524 2298 1 1690 650 811
47549 33529 2305 1 1690 650 815
47551 33532 2312 1 1690 650 815
47551 33536 2318 1 1690 650 814
47554 33540 2325 1 1690 650 817
47560 33545 2333 1 1690 650 814
47565 33551 2339 1 1690 650 816
47572 33558 2346 1 1690 650 814
47580 33568 2351 1 1690 650 809
47589 33578 2357 1 1690 650 810
47599 33589 2362 1 1690 650 809
47616 33602 2369 1 1690 650 807
47634 33615 2377 1 1690 650 799
47654 33629 2386 1 1690 650 799
47673 33641 2394 1 1700 640 800
47684 33649 2403 1 1700 640 803
47691 33654 2410 1 1700 640 802
47697 33657 2419 1 1700 640 805
47700 33659 2427 1 1700 640 805
47708 33663 2436 1 1720 640 802
47720 33668 2444 1 1720 640 796
47728 33673 2453 1 1720 640 794
47736 33676 2460 1 1720 640 800
47742 33677 2468 1 1720 640 797
47744 33679 2476 1 1720 640 794
47748 33680 2485 1 1720 630 799
47751 33681 2492 1 1720 630 798
47754 33682 2501 1 1720 630 795
47757 33683 2509 1 1720 630 797
47759 33684 2519 1 1720 630 794
47759 33684 2528 1 1720 630 798
47760 33685 2536 1 1720 630 798
47761 33685 2545 1 1720 630 794
47762 33685 2553 1 1720 630 799
47763 33685 2563 1 1720 630 798
47763 33686 2571 1 1720 630 796
47764 33686 2581 1 1720 630 798
47765 33686 2589 1 1720 630 796
47766 33686 2598 1 1720 630 799
47767 33686 2607 1 1720 630 798
47767 33686 2616 1 1720 630 794
47768 33686 2625 1 1720 630 798
47769 33686 2634 1 1720 630 796
47769 33686 2643 1 1720 630 795
47770 33686 2653 1 1720 630 796
47770 33686 2661 1 1720 630 794
47771 33686 2671 1 1720 630 797
47771 33686 2679 1 1720 630 796
47772 33686 2689 1 1720 630 792
47773 33686 2698 1 1720 630 796
47773 33685 2708 1 1720 630 794
47774 33685 2715 1 1720 630 794
47774 33685 2723 1 1720 630 797
47775 33685 2730 1 1720 630 794
47775 33685 2737 1 1720 630 797
47776 33685 2744 1 1720 630 796
47777 33685 2752 1 1720 630 793
47778 33685 2758 1 1720 630 796
47778 33685 2766 1 1720 630 793
47779 33685 2773 1 1720 630 793
47779 33685 2782 1 1720 630 794
47780 33684 2790 1 1720 630 792
47781 33684 2798 1 1720 630 795
47781 33684 2807 1 1720 630 794
47782 33684 2814 1 1720 630 791
47783 33684 2822 1 1720 630 796
47784 33684 2830 1 1720 630 794
47786 33684 2838 1 1720 630 794
47789 33684 2845 1 1720 630 796
47792 33684 2853 1 1720 630 794
47795 33683 2860 1 1720 630 797
47799 33683 2868 1 1720 630 797
47807 33683 2875 1 1720 630 794
47823 33682 2882 1 1720 630 797
47845 33682 2893 1 1720 630 794
47871 33681 2906 1 1720 630 793
47894 33681 2917 1 1720 630 794
47914 33681 2929 1 1720 630 791
47932 33681 2939 1 1720 630 794
47953 33681 2951 1 1720 630 794
47974 33681 2962 1 1720 630 791
47995 33681 2974 1 1740 630 797
48013 33682 2984 1 1740 630 791
48026 33682 2995 1 1740 630 795
48037 33682 3004 1 1740 630 796
48045 33682 3013 1 1740 630 793
48051 33682 3021 1 1740 630 797
48059 33682 3031 1 1740 630 796
48072 33682 3040 1 1740 630 793
48089 33682 3051 1 1760 630 799
48111 33682 3063 1 1760 630 794
48135 33682 3084 1 1760 630 794
48159 33681 3103 1 1760 630 796
48179 33680 3120 1 1760 630 792
48196 33680 3136 1 1760 630 793
48211 33680 3151 1 1760 630 794
48226 33680 3166 1 1760 620 792
48243 33679 3181 1 1760 620 796
48263 33679 3198 1 1760 620 795
48285 33678 3215 1 1760 620 799
48309 33677 3234 1 1760 620 798
48329 33676 3244 1 1760 620 796
48352 33675 3251 1 1760 620 800
48376 33675 3257 1 1760 620 798
48401 33674 3264 1 1760 620 796
48427 33674 3270 1 1760 620 798
48449 33673 3275 1 1760 620 795
48470 33672 3277 1 1780 620 796
48489 33671 3279 1 1780 620 795
48509 33671 3281 1 1780 620 795
48528 33670 3284 1 1780 620 801
48548 33670 3285 1 1780 620 794
48568 33669 3287 1 1780 620 792
48587 33668 3289 1 1780 620 796
48609 33668 3292 1 1800 620 794
48635 33667 3295 1 1800 620 797
48661 33666 3299 1 1800 620 798
48686 33665 3302 1 1800 620 794
48712 33664 3306 1 1800 620 794
48739 33663 3309 1 1800 620 790
48763 33662 3313 1 1800 620 790
48787 33662 3317 1 1800 620 788
48810 33662 3321 1 1800 620 784
48831 33662 3322 1 1800 620 790
48852 33661 3323 1 1800 620 788
48879 33660 3323 1 1800 620 782
48908 33659 3324 1 1800 620 789
48937 33657 3324 1 1800 620 788
48960 33656 3326 1 1800 620 783
48976 33655 3333 1 1800 620 780
48987 33654 3339 1 1800 620 780
48997 33654 3347 1 1820 620 784
49006 33653 3353 1 1820 620 785
49015 33652 3360 1 1820 620 781
49022 33652 3367 1 1820 620 786
49027 33651 3374 1 1820 620 783
49030 33651 3381 1 1820 620 784
49037 33650 3389 1 1820 620 785
49052 33649 3395 1 1820 620 782
49072 33647 3401 1 1820 620 784
49097 33643 3406 1 1820 620 783
49121 33640 3412 1 1820 610 776
49142 33638 3417 1 1840 610 776
49165 33635 3423 1 1820 610 773
49190 33633 3428 1 1820 610 772
49216 33631 3436 1 1820 610 772
49242 33628 3443 1 1800 610 766
49264 33626 3451 1 1800 610 770
49284 33623 3458 1 1800 610 768
49303 33621 3466 1 1800 610 763
49320 33619 3475 1 1800 610 769
49335 33618 3485 1 1800 610 766
49349 33616 3495 1 1800 610 765
49366 33614 3506 1 1800 610 766
49383 33612 3519 1 1800 610 762
49400 33610 3531 1 1800 610 764
49418 33608 3540 1 1800 610 760
49436 33607 3546 1 1800 610 759
49453 33605 3554 1 1800 610 766
49475 33603 3560 1 1780 610 762
49494 33601 3567 1 1780 610 758
49510 33599 3574 1 1780 610 759
49521 33599 3582 1 1780 610 757
49528 33599 3589 1 1780 610 759
49536 33599 3598 1 1780 610 759
49543 33598 3605 1 1780 610 756
49552 33597 3612 1 1780 610 760
49564 33596 3619 1 1780 610 757
49577 33595 3626 1 1780 610 758
49589 33593 3633 1 1780 610 757
49599 33592 3641 1 1780 610 755
49608 33591 3647 1 1780 610 759
49615 33590 3655 1 1780 610 756
49623 33589 3662 1 1800 610 754
49635 33588 3669 1 1800 610 759
49650 33586 3676 1 1800 610 755
49665 33584 3684 1 1800 610 754
49676 33583 3690 1 1800 610 754
49685 33581 3698 1 1800 610 748
49691 33581 3705 1 1800 610 753
49693 33580 3713 1 1800 610 752
49698 33580 3720 1 1800 610 751
49702 33579 3728 1 1800 610 753
49705 33579 3736 1 1800 610 751
49708 33579 3744 1 1800 610 752
49711 33578 3752 1 1800 610 751
49715 33578 3760 1 1800 610 747
49718 33578 3769 1 1800 610 749
49723 33577 3777 1 1800 610 748
49725 33577 3785 1 1800 610 742
49728 33577 3793 1 1800 610 744
49729 33577 3801 1 1800 610 741
49731 33577 3809 1 1800 610 744
49733 33576 3817 1 1800 610 743
49738 33576 3825 1 1800 610 739
49743 33575 3834 1 1800 610 743
49751 33574 3842 1 1800 610 740
49759 33574 3852 1 1800 610 735
49766 33573 3860 1 1800 610 735
49771 33572 3869 1 1800 610 733
49773 33572 3877 1 1800 610 736
49775 33572 3885 1 1800 610 734
49776 33572 3893 1 1800 610 731
49777 33572 3901 1 1800 610 736
49779 33572 3909 1 1800 610 734
49779 33572 3917 1 1800 610 732
49780 33571 3925 1 1800 610 735
49781 33571 3933 1 1800 610 730
49782 33571 3941 1 1820 610 734
49783 33571 3949 1 1820 610 733
49785 33571 3957 1 1820 610 728
49785 33571 3965 1 1820 610 734
49786 33571 3973 1 1820 610 730
49787 33571 3982 1 1820 610 727
49789 33571 3989 1 1820 610 728
49790 33571 3998 1 1820 610 723
49793 33570 4006 1 1820 610 728
49793 33570 4014 1 1820 610 726
49793 33570 4023 1 1820 610 723
49793 33570 4030 1 1820 610 730
49793 33570 4039 1 1820 610 729
49793 33571 4046 1 1820 610 729
49793 33571 4055 1 1820 610 730
49793 33571 4062 1 1820 610 728
49793 33571 4071 1 1820 610 729
49794 33571 4079 1 1820 610 728
49794 33571 4087 1 1820 610 724
49794 33571 4095 1 1820 610 729
49794 33571 4103 1 1820 610 726
49794 33571 4111 1 1820 610 726
49794 33571 4120 1 1820 610 729
49794 33571 4127 1 1820 610 725
49794 33571 4136 1 1820 610 730
49794 33571 4144 1 1820 610 729
49795 33571 4152 1 1820 610 726
49795 33571 4160 1 1820 610 731
49795 33571 4169 1 1820 610 728
49795 33571 4176 1 1820 610 728
49795 33571 4185 1 1820 610 731
49795 33571 4193 1 1820 610 726
49796 33571 4202 1 1820 610 729
49796 33571 4209 1 1820 610 727
49796 33571 4218 1 1820 610 723
49797 33571 4226 1 1820 610 729
49797 33571 4235 1 1820 610 724
49797 33571 4243 1 1820 610 725
49797 33571 4251 1 1820 610 728
49797 33571 4259 1 1820 610 727
49797 33571 4268 1 1820 610 729
49797 33571 4277 1 1820 610 729
49797 33571 4285 1 1820 610 726
49797 33571 4294 1 1820 610 730
49798 33571 4301 1 1820 610 726
49798 33571 4310 1 1820 610 727
49798 33571 4318 1 1820 610 729
49798 33571 4327 1 1820 610 725
49800 33571 4335 1 1820 610 729
49801 33571 4344 1 1820 610 728
49804 33571 4353 1 1820 610 725
49811 33570 4363 1 1820 610 728
49824 33568 4373 1 1820 610 725
49841 33566 4385 1 1820 610 727
49860 33564 4396 1 1820 610 728
49875 33562 4407 1 1820 610 722
49885 33561 4417 1 1820 610 725
49890 33560 4427 1 1820 610 726
49893 33560 4435 1 1820 610 722
49895 33559 4445 1 1820 610 726
49897 33559 4453 1 1820 610 724
49897 33559 4462 1 1820 610 726
49898 33559 4470 1 1820 610 727
49899 33559 4480 1 1820 610 724
49899 33559 4488 1 1820 610 726
49900 33559 4497 1 1820 610 724
49900 33559 4505 1 1820 610 720
49901 33559 4514 1 1820 610 722
49901 33559 4522 1 1820 610 719
49902 33559 4532 1 1820 610 721
49903 33559 4540 1 1820 610 721
49904 33559 4549 1 1820 610 718
49905 33558 4556 1 1820 610 723
49906 33558 4562 1 1820 610 723
49909 33558 4569 1 1820 610 721
49910 33558 4575 1 1840 610 723
49912 33557 4582 1 1840 610 720
49915 33557 4589 1 1840 610 722
49916 33557 4596 1 1840 610 721
49918 33557 4602 1 1840 610 718
49920 33556 4609 1 1840 610 724
49921 33556 4615 1 1840 610 722
49922 33556 4621 1 1840 610 720
49924 33556 4628 1 1840 610 723
49925 33556 4634 1 1840 610 719
49927 33555 4641 1 1840 610 722
49930 33555 4648 1 1840 610 720
49940 33553 4657 1 1840 610 717
49952 33552 4668 1 1840 610 720
49966 33549 4679 1 1840 610 715
49980 33544 4692 1 1840 610 713
49990 33539 4703 1 1840 610 715
49999 33535 4714 1 1840 610 710
50006 33533 4724 1 1840 610 713
50011 33531 4734 1 1840 610 713
50014 33530 4742 1 1840 610 710
50017 33529 4751 1 1840 610 716
50020 33529 4758 1 1840 610 716
50023 33528 4767 1 1840 610 715
50026 33527 4775 1 1840 610 717
50029 33526 4784 1 1840 610 713
50032 33525 4792 1 1840 610 712
50034 33524 4800 1 1840 610 710
50037 33524 4808 1 1840 610 704
50038 33523 4815 1 1840 610 708
50040 33523 4823 1 1840 610 708
50041 33522 4830 1 1840 610 707
50042 33522 4837 1 1840 610 708
50042 33522 4843 1 1840 610 707
50043 33522 4850 1 1840 610 710
50043 33522 4855 1 1840 610 710
50044 33522 4863 1 1840 610 706
50045 33521 4869 1 1840 610 711
50045 33521 4876 1 1840 610 709
50046 33521 4882 1 1830 600 706
50046 33521 4889 1 1830 600 708
50047 33520 4895 1 1830 600 708
50048 33520 4903 1 1830 600 710
50048 33520 4908 1 1840 610 712
50048 33520 4915 1 1840 610 710
50049 33520 4921 1 1840 610 715
50050 33520 4928 1 1840 610 713
50051 33519 4935 1 1840 610 711
50051 33519 4941 1 1840 610 712
50051 33519 4947 1 1840 610 709
50051 33519 4954 1 1840 610 711
50052 33519 4961 1 1840 610 710
50053 33518 4968 1 1840 610 705
50055 33518 4975 1 1840 610 710
50056 33517 4983 1 1840 610 707
50058 33517 4990 1 1840 610 708
50059 33516 4998 1 1840 610 710
50062 33516 5006 1 1840 610 707
50064 33515 5015 1 1840 610 710
50066 33514 5024 1 1840 610 708
50068 33514 5032 1 1840 610 705
50073 33512 5043 1 1840 610 709
50081 33510 5056 1 1840 610 704
50089 33507 5071 1 1840 610 705
50100 33504 5088 1 1840 610 705
50110 33500 5104 1 1840 610 700
50120 33497 5120 1 1840 610 703
50130 33494 5139 1 1840 610 703
50140 33490 5157 1 1840 610 700
50149 33487 5175 1 1840 610 704
50159 33482 5193 1 1840 610 702
50167 33479 5213 1 1840 610 702
50175 33476 5230 1 1840 610 701
50181 33473 5246 1 1840 610 696
50186 33471 5259 1 1840 610 699
50190 33470 5272 1 1840 610 700
50193 33469 5282 1 1840 610 698
50195 33468 5291 1 1840 610 701
50197 33467 5301 1 1840 610 700
50199 33466 5310 1 1840 610 703
50199 33466 5317 1 1840 610 703
50199 33466 5324 1 1840 610 702
50199 33466 5330 1 1840 620 705
50199 33466 5337 1 1840 620 705
50199 33466 5343 1 1840 620 702
50200 33466 5350 1 1840 620 705
50200 33466 5356 1 1840 620 700
50200 33466 5363 1 1840 620 702
50200 33465 5369 1 1840 620 701
50200 33465 5375 1 1840 620 697
50200 33465 5382 1 1840 620 700
50200 33465 5388 1 1840 620 699
50200 33465 5395 1 1840 620 697
50200 33465 5401 1 1840 620 701
50200 33465 5408 1 1840 620 700
50200 33465 5414 1 1840 620 705
50200 33465 5421 1 1840 620 706
50200 33465 5427 1 1840 620 702
50200 33465 5434 1 1840 620 709
50200 33465 5440 1 1840 620 708
50200 33465 5447 1 1840 620 707
50200 33465 5453 1 1840 620 711
50200 33465 5460 1 1840 620 709
50201 33465 5466 1 1840 620 713
50201 33465 5473 1 1840 610 714
50201 33464 5478 1 1840 610 711
50201 33463 5484 1 1840 610 719
50201 33462 5489 1 1840 610 717
50201 33460 5489 1 1840 610 717
50201 33458 5490 1 1840 610 721
50201 33455 5490 1 1840 610 718
50201 33452 5492 1 1840 610 724
50201 33446 5494 1 1840 610 723
50201 33440 5495 1 1840 610 720
50201 33433 5497 1 1840 610 727
50201 33425 5499 1 1840 610 725
50199 33421 5499 1 1840 610 727
50195 33417 5500 1 1840 610 731
50191 33414 5503 1 1840 610 728
50187 33412 5504 1 1840 610 732
50182 33411 5506 1 1840 610 734
50179 33409 5506 1 1840 610 732
50176 33408 5507 1 1840 610 739
50176 33406 5507 1 1840 610 736
50176 33406 5507 1 1840 610 735
50176 33405 5507 1 1840 610 737
50175 33406 5511 1 1840 610 735
50175 33406 5518 1 1840 610 738
50175 33405 5524 1 1840 610 739
50175 33405 5531 1 1840 610 737
50175 33405 5537 1 1840 610 743
50175 33405 5544 1 1840 610 742
50175 33405 5550 1 1840 610 742
50175 33405 5557 1 1840 620 745
50175 33405 5563 1 1840 620 742
50175 33404 5570 1 1840 620 743
50175 33404 5576 1 1840 620 741
50175 33404 5583 1 1840 620 737
50175 33403 5589 1 1840 620 740
50176 33403 5596 1 1840 620 737
50176 33402 5601 1 1840 620 736
50176 33401 5608 1 1840 620 737
50176 33401 5614 1 1840 620 734
50176 33400 5621 1 1840 620 736
50176 33399 5627 1 1840 620 736
50175 33399 5633 1 1840 620 733
50175 33398 5639 1 1840 620 737
50175 33398 5646 1 1840 620 734
50176 33398 5652 1 1840 620 735
50176 33398 5659 1 1840 620 736
50176 33398 5666 1 1840 620 733
50176 33398 5673 1 1840 620 737
50176 33398 5680 1 1840 620 736
50176 33398 5687 1 1840 620 733
50176 33398 5694 1 1840 620 739
50176 33398 5701 1 1840 620 734
50176 33398 5708 1 1840 620 734
50176 33397 5714 1 1840 620 734
50176 33396 5721 1 1840 620 730
50176 33395 5727 1 1840 620 733
50176 33393 5732 1 1840 620 732
50176 33391 5737 1 1840 620 730
50176 33387 5741 1 1840 620 736
50176 33382 5745 1 1840 620 738
50177 33376 5750 1 1840 620 743
50177 33372 5754 1 1840 620 744
50177 33368 5760 1 1840 620 742
50177 33366 5765 1 1840 620 747
50177 33365 5772 1 1840 620 747
50178 33364 5778 1 1840 620 746
50178 33364 5786 1 1840 620 750
50178 33364 5792 1 1840 620 748
50178 33363 5799 1 1840 620 750
50178 33363 5806 1 1840 620 750
50178 33362 5813 1 1840 620 746
50178 33362 5819 1 1840 620 750
50178 33360 5826 1 1840 620 748
50178 33359 5832 1 1840 620 746
50179 33358 5839 1 1840 620 748
50179 33356 5845 1 1840 620 746
50179 33353 5851 1 1840 620 749
50179 33350 5856 1 1840 620 750
50179 33346 5861 1 1840 620 749
50180 33341 5866 1 1840 620 755
50180 33337 5871 1 1840 620 754
50180 33334 5878 1 1840 620 750
50180 33333 5884 1 1840 620 752
50180 33332 5891 1 1840 620 748
50181 33331 5897 1 1840 620 753
50181 33329 5904 1 1840 620 751
50181 33326 5909 1 1840 620 748
50181 33320 5912 1 1840 620 755
50182 33313 5913 1 1840 620 757
50182 33303 5913 1 1840 620 758
50183 33293 5914 1 1840 620 768
50183 33285 5917 1 1840 620 764
50183 33277 5917 1 1840 620 765
50183 33271 5918 1 1840 620 765
50183 33265 5921 1 1840 620 761
50184 33259 5925 1 1840 620 768
50184 33253 5929 1 1840 620 767
50184 33246 5933 1 1840 620 768
50184 33237 5936 1 1840 620 773
50184 33226 5938 1 1840 620 771
50184 33216 5941 1 1840 620 777
50186 33206 5946 1 1840 620 776
50187 33197 5950 1 1840 620 771
50188 33187 5955 1 1840 630 777
50190 33176 5959 1 1840 630 780
50193 33160 5968 1 1840 630 780
50196 33142 5976 1 1840 630 782
50200 33121 5986 1 1840 630 783
50204 33103 5996 1 1840 630 786
50207 33087 6005 1 1840 630 782
50208 33077 6013 1 1840 630 778
50208 33070 6021 1 1840 630 782
50209 33062 6029 1 1840 630 780
50209 33051 6037 1 1840 630 780
50210 33035 6047 1 1840 630 785
50211 33018 6056 1 1840 630 784
50212 32998 6067 1 1840 630 789
50213 32974 6079 1 1840 630 786
50213 32945 6092 1 1840 640 788
50213 32914 6105 1 1840 640 795
50213 32884 6119 1 1840 640 786
50213 32857 6131 1 1840 640 788
50213 32832 6143 1 1840 640 791
50213 32807 6155 1 1840 640 788
50214 32778 6166 1 1840 640 792
50215 32756 6172 1 1840 640 792
50216 32738 6178 1 1840 640 789
50218 32724 6183 1 1840 640 794
50222 32712 6188 1 1840 640 793
50227 32701 6193 1 1840 640 793
50231 32692 6199 1 1840 640 794
50234 32684 6205 1 1840 640 792
50236 32678 6212 1 1840 640 798
50239 32670 6217 1 1840 640 801
50241 32661 6224 1 1840 640 802
50243 32651 6229 1 1840 640 809
50246 32643 6236 1 1840 640 805
50247 32636 6241 1 1840 640 806
50248 32627 6248 1 1840 640 807
50248 32618 6254 1 1840 640 806
50249 32609 6260 1 1840 640 812
50250 32599 6265 1 1840 640 809
50253 32589 6272 1 1840 640 807
50255 32582 6279 1 1840 640 811
50256 32575 6285 1 1840 640 809
50257 32569 6292 1 1840 640 811
50258 32566 6299 1 1840 640 812
50258 32565 6307 1 1840 640 810
50258 32563 6314 1 1840 640 815
50258 32563 6323 1 1840 640 815
50258 32562 6330 1 1840 640 814
50258 32562 6339 1 1840 640 818
50258 32563 6347 1 1840 640 816
50258 32563 6355 1 1840 640 817
50258 32563 6363 1 1840 640 818
50258 32563 6371 1 1840 640 814
50258 32563 6379 1 1840 640 818
50258 32563 6388 1 1840 640 817
50258 32563 6395 1 1840 640 815
50258 32563 6404 1 1840 640 819
50258 32563 6411 1 1840 640 816
50258 32563 6420 1 1840 640 818
50258 32563 6428 1 1840 640 817
50258 32562 6436 1 1840 640 813
50258 32562 6444 1 1840 640 817
50258 32563 6452 1 1840 640 816
50258 32562 6460 1 1840 640 815
50258 32562 6468 1 1840 640 818
50258 32562 6476 1 1820 640 817
50258 32562 6485 1 1820 640 821
50258 32562 6492 1 1820 640 820
50258 32562 6501 1 1820 640 816
50258 32562 6509 1 1820 640 819
50259 32561 6517 1 1820 640 817
50259 32561 6526 1 1820 640 814
50259 32560 6533 1 1820 640 816
50259 32560 6542 1 1820 640 813
50259 32560 6549 1 1820 640 816
50259 32560 6558 1 1820 640 816
50259 32560 6566 1 1820 640 812
50259 32560 6574 1 1820 640 818
50259 32560 6582 1 1820 650 816
50259 32560 6591 1 1820 650 815
50259 32560 6598 1 1820 650 818
50259 32559 6607 1 1820 650 814
50259 32559 6614 1 1820 650 816
50259 32559 6623 1 1820 650 816
50259 32559 6631 1 1840 650 812
50259 32559 6640 1 1840 650 819
50259 32559 6647 1 1840 650 816
50259 32559 6656 1 1840 650 816
50259 32559 6664 1 1820 650 819
50259 32559 6672 1 1820 650 816
50259 32559 6680 1 1820 650 819
50259 32559 6689 1 1820 650 819
50259 32560 6696 1 1820 650 815
50259 32560 6705 1 1820 650 820
50259 32560 6713 1 1820 640 817
50259 32560 6722 1 1820 640 815
50259 32560 6729 1 1820 640 817
50259 32560 6739 1 1820 640 814
50259 32560 6747 1 1820 640 814
50259 32560 6756 1 1820 640 813
50259 32560 6764 1 1820 640 809
50259 32560 6773 1 1820 640 813
50259 32560 6782 1 1820 640 809
50259 32560 6790 1 1820 640 808
50258 32560 6800 1 1820 640 809
50258 32560 6808 1 1820 640 807
50258 32560 6817 1 1820 640 810
50258 32561 6825 1 1820 640 810
50258 32561 6834 1 1820 640 807
50258 32561 6842 1 1820 640 812
50258 32561 6852 1 1820 640 809
50258 32561 6860 1 1820 640 808
50258 32561 6869 1 1820 650 810
50258 32561 6877 1 1820 650 808
50258 32560 6886 1 1840 650 811
50258 32560 6894 1 1840 650 812
50258 32560 6904 1 1840 650 810
50258 32560 6912 1 1840 650 815
50258 32561 6921 1 1840 650 814
50258 32561 6929 1 1840 650 817
50258 32561 6938 1 1840 650 820
50258 32561 6946 1 1840 650 818
50258 32561 6956 1 1840 650 821
50257 32561 6964 1 1840 650 820
50257 32561 6973 1 1840 650 818
50257 32561 6981 1 1820 650 821
50257 32561 6991 1 1820 650 819
50257 32561 6999 1 1820 650 820
50257 32561 7008 1 1820 650 821
50257 32561 7016 1 1820 650 818
50257 32561 7025 1 1820 640 821
50257 32561 7033 1 1820 640 820
50257 32562 7043 1 1820 640 817
50257 32562 7052 1 1820 640 820
50257 32562 7060 1 1820 640 817
50257 32562 7070 1 1820 640 820
50257 32562 7078 1 1820 640 819
50257 32562 7087 1 1820 640 815
50257 32562 7095 1 1820 640 819
50257 32562 7104 1 1820 640 820
50256 32562 7113 1 1820 640 819
50256 32562 7122 1 1820 650 823
50256 32562 7130 1 1820 650 820
50256 32562 7139 1 1820 650 824
50256 32562 7148 1 1820 650 824
50256 32562 7157 1 1820 650 821
50256 32562 7165 1 1820 650 825
50256 32563 7174 1 1820 650 825
50256 32563 7183 1 1840 650 823
50256 32563 7192 1 1840 650 826
50256 32563 7200 1 1840 650 823
50256 32563 7209 1 1840 650 826
50256 32563 7218 1 1840 650 825
50256 32563 7227 1 1840 650 823
50256 32563 7235 1 1840 650 827
50256 32563 7245 1 1840 650 826
50256 32563 7253 1 1840 650 822
50256 32563 7262 1 1840 650 824
50255 32563 7270 1 1840 650 822
50255 32563 7280 1 1840 650 824
50255 32563 7288 1 1840 650 823
50255 32564 7297 1 1840 640 819
50255 32564 7305 1 1840 640 822
50255 32564 7315 1 1840 640 820
50255 32564 7324 1 1840 640 816
50255 32564 7332 1 1840 640 819
50255 32564 7342 1 1840 640 814
50255 32564 7350 1 1840 640 816
50255 32564 7359 1 1840 640 814
50255 32564 7367 1 1840 640 809
50255 32564 7377 1 1840 640 813
50255 32564 7385 1 1840 640 809
50255 32564 7394 1 1840 640 808
50255 32564 7403 1 1840 640 810
50255 32564 7412 1 1840 640 806
50254 32565 7420 1 1840 650 807
50254 32565 7430 1 1840 650 804
50254 32565 7438 1 1840 650 799
50254 32565 7447 1 1840 650 802
50254 32565 7455 1 1840 650 801
50254 32565 7464 1 1840 650 798
50254 32565 7471 1 1840 650 801
50254 32565 7479 1 1840 650 797
50254 32565 7486 1 1840 650 800
50254 32565 7494 1 1840 650 798
50254 32565 7501 1 1840 650 793
50255 32565 7509 1 1840 650 795
50255 32563 7517 1 1840 650 792
50254 32559 7525 1 1840 650 792
50252 32555 7533 1 1840 650 795
50249 32550 7542 1 1840 650 793
50244 32541 7551 1 1840 650 794
50236 32529 7562 1 1840 650 797
50228 32516 7572 1 1840 650 800
50220 32505 7583 1 1840 650 801
50216 32496 7591 1 1840 650 793
50214 32492 7600 1 1840 650 792
50213 32487 7609 1 1840 650 792
50212 32482 7617 1 1840 650 789
50209 32476 7626 1 1840 650 793
50208 32470 7634 1 1840 650 793
50207 32465 7642 1 1840 650 791
50206 32460 7644 1 1840 650 797
50206 32455 7647 1 1840 650 795
50203 32451 7650 1 1840 650 797
50200 32446 7650 1 1840 650 800
50196 32441 7659 1 1840 650 799
50194 32435 7659 1 1840 650 803
50192 32431 7667 1 1840 650 802
50190 32429 7670 1 1840 650 798
50189 32427 7676 1 1840 650 802
50188 32424 7684 1 1840 650 798
50186 32420 7686 1 1840 660 799
50185 32415 7693 1 1840 660 801
50185 32408 7694 1 1840 660 798
50185 32400 7701 1 1840 660 803
50183 32392 7709 1 1840 660 803
50182 32384 7717 1 1840 660 799
50181 32379 7723 1 1840 660 803
50181 32376 7729 1 1840 660 798
50182 32376 7735 1 1840 660 797
50182 32376 7740 1 1840 660 788
50182 32376 7745 1 1840 660 762
50182 32376 7750 1 1840 660 722
50182 32376 7756 1 1840 660 627
50178 32377 7761 1 1840 660 446
50165 32378 7762 1 1840 650 75
50170 32452 7767 0 1840 650 0
50121 32454 7769 0 1840 650 0
50111 32454 7770 0 1840 650 0
50111 32454 7774 0 1840 650 0
50125 32454 7777 0 1840 650 0
50177 32433 7781 0 1840 650 0
50177 32433 7787 0 1840 650 0
50456 30373 7791 0 1780 580 0
50456 30373 7794 0 1780 580 0
50456 30373 7800 0 1780 580 0
50456 30373 7807 0 1780 580 0
50450 30387 7811 0 1780 580 0
50433 30414 7814 0 1780 580 0
50403 30451 7839 0 1780 580 0
50379 30476 7862 0 1780 580 0
50354 30501 7883 0 1780 580 0
50327 30523 7906 0 1770 580 0
50305 30547 7930 0 1770 580 0
50286 30566 7954 0 1750 580 0
50286 30566 7961 0 1750 570 0
50258 30563 7989 0 1750 570 0
50230 30563 8014 0 1740 570 0
50213 30593 8035 0 1740 570 0
50197 30618 8054 0 1740 570 0
50180 30641 8072 0 1720 570 0
50163 30665 8075 0 1720 570 0
50146 30685 8079 0 1720 570 0
50146 30685 8086 0 1710 570 0
50142 30687 8094 0 1710 570 0
50118 30689 8103 0 1710 570 0
50094 30709 8120 0 1710 570 0
50069 30728 8130 0 1710 570 0
50049 30751 8137 0 1710 570 0
50028 30781 8144 0 1700 580 0
50006 30803 8151 0 1700 580 0
49982 30825 8153 0 1700 580 0
49959 30846 8156 0 1720 580 0
49940 30865 8159 0 1720 580 0
49933 30881 8166 0 1720 580 0
49928 30888 8172 0 1720 580 0
49921 30907 8179 0 1720 580 0
49901 30911 8183 0 1720 580 0
49883 30916 8188 0 1720 590 0
49859 30926 8191 0 1720 590 0
49842 30934 8196 0 1700 590 0
49822 30950 8199 0 1700 590 0
49810 30966 8201 0 1700 590 0
49797 30981 8202 0 1720 590 0
49780 30998 8202 0 1720 590 0
49762 31019 8208 0 1720 590 0
49741 31046 8215 0 1720 590 0
49715 31075 8222 0 1720 590 0
49689 31103 8226 0 1720 590 0
49666 31131 8230 0 1720 590 0
49644 31154 8234 0 1720 590 0
49626 31173 8240 0 1700 590 0
49610 31188 8245 0 1700 590 0
49596 31203 8252 0 1700 590 0
49582 31216 8257 0 1700 590 0
49568 31231 8264 0 1700 590 0
49552 31245 8269 0 1700 590 0
49537 31259 8275 0 1700 590 0
49522 31272 8281 0 1700 590 0
49508 31285 8287 0 1700 590 0
49494 31297 8293 0 1700 590 0
49480 31308 8300 0 1700 590 0
49466 31319 8305 0 1700 590 0
49452 31328 8312 0 1700 590 0
49438 31337 8321 0 1680 580 0
49426 31340 8331 0 1680 580 0
49414 31351 8340 0 1680 580 0
49404 31358 8350 0 1680 580 0
49393 31366 8359 0 1680 580 0
49383 31375 8370 0 1680 590 0
49375 31384 8379 0 1700 600 0
49367 31391 8390 0 1700 600 0
49358 31398 8401 0 1700 600 0
49353 31404 8409 0 1700 600 0
49347 31408 8419 0 1700 600 0
49345 31412 8428 0 1700 600 0
49345 31412 8437 0 1710 600 0
49345 31412 8444 0 1710 600 0
49345 31414 8453 0 1710 600 0
49345 31419 8461 0 1710 610 0
49345 31420 8470 0 1710 610 0
49345 31420 8478 0 1710 610 0
49345 31420 8487 0 1730 610 122
49365 31412 8505 1 1730 610 173
49345 31420 8666 0 1730 620 222
49364 31412 8674 1 1730 620 268
49364 31413 8682 1 1730 620 301
49364 31414 8689 1 1730 620 324
49365 31414 8697 1 1730 620 347
49371 31413 8705 1 1720 630 377
49378 31412 8712 1 1720 630 396
49387 31411 8720 1 1720 630 412
49395 31407 8727 1 1720 630 433
49400 31401 8735 1 1720 630 453
49405 31396 8743 1 1720 630 473
49408 31394 8751 1 1720 630 489
49410 31392 8758 1 1720 630 499
49412 31388 8767 1 1720 630 509
49414 31387 8774 1 1720 630 513
49414 31386 8783 1 1720 630 516
49415 31385 8790 1 1720 630 515
49416 31384 8799 1 1720 630 514
49416 31382 8807 1 1720 630 517
49419 31378 8817 1 1720 630 516
49423 31373 8825 1 1720 630 515
49426 31369 8834 1 1720 630 522
49431 31366 8841 1 1700 630 525
49433 31365 8850 1 1700 630 533
49433 31365 8857 1 1700 630 537
49434 31364 8865 1 1700 630 536
49434 31364 8872 1 1700 630 540
49434 31364 8881 1 1700 630 539
49433 31364 8888 1 1700 630 536
49433 31364 8896 1 1700 630 537
49434 31363 8904 1 1700 630 534
49434 31362 8913 1 1700 630 536
49434 31362 8920 1 1700 630 537
49434 31361 8929 1 1700 630 533
49434 31361 8937 1 1700 630 537
49434 31360 8946 1 1700 630 534
49434 31359 8954 1 1700 630 530
49435 31359 8962 1 1700 630 529
49435 31358 8971 1 1700 630 524
49435 31357 8979 1 1700 630 524
49435 31357 8988 1 1700 630 519
49435 31356 8996 1 1700 630 514
49435 31354 9004 1 1700 630 516
49435 31354 9012 1 1700 630 514
49435 31353 9021 1 1700 630 512
49436 31353 9029 1 1700 630 512
49436 31352 9038 1 1700 630 510
49436 31351 9046 1 1700 630 513
49436 31351 9055 1 1700 630 514
49436 31350 9063 1 1700 630 511
49436 31349 9072 1 1700 630 517
49436 31349 9080 1 1700 630 517
49436 31348 9089 1 1700 630 518
49437 31348 9097 1 1700 630 523
49437 31347 9106 1 1700 630 523
49437 31346 9114 1 1700 630 527
49437 31346 9123 1 1700 630 526
49437 31345 9131 1 1700 630 524
49437 31345 9140 1 1700 630 530
49437 31344 9148 1 1700 630 529
49437 31343 9157 1 1700 630 530
49438 31343 9165 1 1700 630 536
49438 31342 9174 1 1700 630 538
49439 31342 9182 1 1700 630 545
49439 31341 9191 1 1700 630 550
49439 31340 9198 1 1700 630 552
49439 31340 9207 1 1700 630 561
49439 31339 9215 1 1700 630 563
49441 31338 9224 1 1720 630 566
49442 31337 9233 1 1720 630 570
49444 31334 9240 1 1720 630 574
49448 31328 9248 1 1720 630 592
49457 31318 9254 1 1720 630 599
49471 31302 9260 1 1720 630 601
49489 31280 9264 1 1700 630 618
49513 31257 9271 1 1700 630 620
49539 31232 9277 1 1700 630 625
49566 31204 9287 1 1700 630 643
49594 31173 9299 1 1720 630 644
49624 31140 9311 1 1720 630 650
49653 31109 9325 1 1720 630 653
49681 31076 9340 1 1720 630 658
49706 31044 9354 1 1720 640 671
49727 31007 9366 1 1720 640 670
49744 30968 9368 1 1720 640 672
49761 30931 9368 1 1720 640 675
49777 30893 9373 1 1720 640 684
49794 30861 9375 1 1720 640 686
49809 30835 9376 1 1740 640 690
49826 30808 9380 1 1740 640 697
49846 30783 9383 1 1740 640 697
49864 30761 9383 1 1740 640 700
49881 30740 9386 1 1740 640 703
49896 30722 9387 1 1740 640 709
49910 30700 9391 1 1740 650 708
49925 30679 9391 1 1740 650 713
49940 30661 9394 1 1760 650 710
49955 30644 9395 1 1760 650 710
49972 30626 9395 1 1760 650 715
49988 30609 9397 1 1760 650 714
50006 30591 9399 1 1760 650 708
50021 30574 9399 1 1760 650 712
50037 30558 9402 1 1780 650 712
50052 30540 9409 1 1780 650 717
50066 30522 9409 1 1780 650 713
50079 30505 9413 1 1780 650 711
50092 30488 9419 1 1780 650 715
50103 30472 9420 1 1800 650 712
50111 30458 9423 1 1800 650 713
50119 30447 9428 1 1800 650 712
50127 30438 9429 1 1800 650 711
50132 30431 9432 1 1800 650 722
50141 30421 9434 1 1800 660 733
50154 30406 9435 1 1800 660 726
50167 30388 9437 1 1800 660 728
50183 30365 9438 1 1800 660 729
50196 30343 9439 1 1800 660 728
50210 30323 9441 1 1800 660 729
50225 30301 9441 1 1800 660 722
50240 30277 9443 1 1800 660 728
50257 30251 9444 1 1800 660 728
50272 30224 9445 1 1800 660 719
50283 30203 9446 1 1800 660 724
50291 30185 9448 1 1800 670 726
50298 30168 9451 1 1800 670 731
50307 30150 9452 1 1800 670 730
50317 30132 9452 1 1800 670 726
50327 30115 9453 1 1800 670 728
50336 30101 9456 1 1800 670 727
50344 30089 9461 1 1800 670 727
50350 30076 9463 1 1800 670 727
50357 30063 9464 1 1800 670 724
50363 30047 9472 1 1800 670 727
50369 30031 9473 1 1800 670 728
50375 30016 9478 1 1800 670 723
50379 30004 9480 1 1800 680 728
50383 29991 9482 1 1800 680 729
50388 29978 9492 1 1800 680 726
50391 29966 9502 1 1800 680 731
50396 29953 9513 1 1800 680 728
50400 29938 9523 1 1800 680 732
50406 29920 9533 1 1800 680 733
50412 29904 9539 1 1800 680 729
50418 29886 9544 1 1800 680 735
50424 29871 9546 1 1800 680 733
50430 29860 9549 1 1800 680 733
50433 29850 9554 1 1800 680 738
50436 29845 9560 1 1800 680 737
50437 29843 9568 1 1800 680 743
50437 29841 9577 1 1800 680 747
50437 29841 9585 1 1800 680 744
50437 29841 9594 1 1800 680 753
50437 29840 9602 1 1800 670 752
50437 29840 9611 1 1800 670 751
50437 29840 9619 1 1800 670 755
50438 29840 9628 1 1800 670 753
50438 29840 9636 1 1800 670 757
50438 29840 9646 1 1800 670 759
50438 29839 9654 1 1800 670 757
50438 29839 9664 1 1800 670 765
50438 29839 9673 1 1800 670 764
50439 29839 9682 1 1800 670 766
50439 29838 9692 1 1800 670 770
50439 29838 9700 1 1800 670 768
50439 29838 9710 1 1800 670 773
50439 29838 9718 1 1800 670 773
50439 29837 9728 1 1800 670 769
50439 29836 9736 1 1800 670 775
50439 29836 9745 1 1800 670 772
50439 29835 9753 1 1800 670 774
50439 29835 9763 1 1800 670 777
50439 29834 9771 1 1800 670 776
50439 29834 9780 1 1800 670 780
50439 29833 9789 1 1800 670 783
50439 29832 9798 1 1800 670 781
50439 29832 9806 1 1800 670 788
50439 29831 9816 1 1800 670 783
50439 29831 9824 1 1800 670 785
50440 29830 9833 1 1800 670 787
50439 29829 9841 1 1800 670 782
50439 29827 9851 1 1800 670 785
50439 29826 9859 1 1800 670 786
50439 29823 9869 1 1800 670 785
50439 29821 9878 1 1800 670 790
50439 29817 9888 1 1800 670 789
50439 29815 9897 1 1800 670 791
50439 29811 9907 1 1800 670 792
50439 29807 9916 1 1800 670 788
50439 29804 9925 1 1800 670 795
50439 29799 9936 1 1800 670 798
50437 29792 9952 1 1800 670 797
50433 29783 9973 1 1800 670 800
50429 29771 9996 1 1800 670 796
50425 29761 10018 1 1800 670 798
50421 29754 10038 1 1800 670 799
50417 29747 10057 1 1800 670 793
50413 29739 10076 1 1800 680 800
50409 29731 10097 1 1800 680 798
50404 29722 10118 1 1800 680 797
50397 29708 10149 1 1800 680 800
50388 29693 10181 1 1800 670 795
50381 29679 10212 1 1800 670 799
50373 29667 10239 1 1800 670 801
50369 29660 10259 1 1800 670 795
50366 29653 10276 1 1800 670 799
50363 29647 10294 1 1800 670 797
50361 29642 10309 1 1800 660 793
50359 29639 10322 1 1800 660 799
50357 29635 10333 1 1780 660 798
50354 29630 10348 1 1780 660 805
50350 29622 10365 1 1780 650 804
50346 29612 10384 1 1780 650 798
50343 29603 10401 1 1780 650 803
50339 29593 10419 1 1780 650 803
50337 29585 10433 1 1780 650 795
50334 29578 10449 1 1780 640 799
50330 29570 10465 1 1780 640 795
50325 29562 10483 1 1780 640 802
50318 29551 10504 1 1780 640 801
50310 29541 10524 1 1780 640 797
50299 29528 10545 1 1780 650 803
50291 29517 10565 1 1780 650 801
50284 29508 10582 1 1780 650 799
50277 29497 10593 1 1780 650 802
50272 29487 10602 1 1780 650 799
50266 29474 10610 1 1780 650 801
50260 29462 10618 1 1760 650 803
50251 29447 10625 1 1760 650 795
50243 29431 10630 1 1760 650 802
50236 29416 10635 1 1760 660 801
50229 29400 10642 1 1760 660 801
50223 29385 10649 1 1760 660 801
50215 29370 10657 1 1760 660 796
50208 29357 10663 1 1760 660 801
50201 29344 10670 1 1760 660 805
50195 29331 10677 1 1760 660 799
50188 29317 10684 1 1760 660 804
50181 29301 10692 1 1760 660 804
50171 29280 10706 1 1760 660 805
50161 29258 10721 1 1760 660 809
50150 29232 10738 1 1760 660 806
50136 29204 10755 1 1760 660 808
50124 29180 10771 1 1750 670 809
50110 29158 10791 1 1750 670 805
50094 29137 10817 1 1750 670 811
50082 29122 10826 1 1750 670 812
50070 29105 10838 1 1750 670 807
50059 29091 10849 1 1750 670 818
50048 29076 10855 1 1750 670 811
50037 29062 10861 1 1750 670 810
50028 29051 10867 1 1730 680 814
50017 29038 10873 1 1730 680 813
50007 29026 10875 1 1730 680 820
49996 29013 10875 1 1730 680 818
49982 28997 10875 1 1730 680 816
49969 28979 10877 1 1730 680 819
49956 28963 10877 1 1730 680 817
49944 28948 10878 1 1730 680 821
49934 28924 10879 1 1730 680 818
49928 28900 10879 1 1730 680 812
49923 28883 10881 1 1720 690 819
49917 28863 10882 1 1720 690 821
49906 28833 10884 1 1720 690 823
49894 28804 10884 1 1720 690 823
49883 28775 10885 1 1720 690 819
49873 28749 10887 1 1720 690 828
49863 28725 10887 1 1720 690 829
49853 28698 10888 1 1720 690 825
49841 28669 10893 1 1720 690 831
49829 28637 10893 1 1720 700 831
49816 28606 10895 1 1720 700 831
49804 28576 10902 1 1720 700 832
49790 28547 10902 1 1720 700 829
49775 28519 10906 1 1720 700 832
49762 28498 10909 1 1710 710 832
49750 28479 10911 1 1710 710 830
49737 28458 10916 1 1710 710 836
49724 28439 10917 1 1710 710 831
49709 28420 10918 1 1690 710 835
49694 28401 10924 1 1680 720 836
49680 28386 10927 1 1680 720 832
49668 28372 10929 1 1680 720 839
49654 28356 10931 1 1680 720 840
49642 28342 10934 1 1680 720 833
49631 28331 10939 1 1670 730 838
49624 28324 10939 1 1670 730 835
49620 28320 10940 1 1670 730 836
49619 28319 10945 1 1670 730 838
49618 28318 10945 1 1670 730 833
49617 28318 10948 1 1670 730 836
49617 28318 10948 1 1670 730 837
49618 28319 10951 1 1670 730 833
49617 28319 10953 1 1670 730 839
49617 28319 10956 1 1670 730 836
49617 28319 10957 1 1670 730 837
49616 28319 10959 1 1670 730 839
49616 28320 10960 1 1670 730 835
49615 28320 10962 1 1670 730 840
49615 28321 10967 1 1670 730 840
49615 28321 10974 1 1670 730 836
49615 28321 10981 1 1670 730 841
49615 28322 10988 1 1670 730 837
49615 28322 10996 1 1670 730 838
49615 28323 11002 1 1670 730 838
49615 28323 11009 1 1670 730 833
49614 28323 11013 1 1670 730 838
49613 28323 11018 1 1670 730 837
49613 28324 11022 1 1670 730 833
49612 28324 11026 1 1670 730 837
49611 28324 11030 1 1670 730 833
49611 28325 11035 1 1670 730 834
49610 28325 11039 1 1670 730 835
49610 28326 11044 1 1670 730 827
49610 28326 11048 1 1670 730 833
49609 28327 11052 1 1670 730 831
49609 28327 11056 1 1670 730 828
49609 28328 11061 1 1640 720 831
49608 28328 11065 1 1640 720 828
49608 28329 11070 1 1640 720 831
49607 28329 11074 1 1640 720 831
49606 28329 11079 1 1640 720 828
49605 28329 11083 1 1640 720 833
49604 28329 11087 1 1640 720 831
49603 28330 11092 1 1640 720 828
49602 28330 11096 1 1640 720 831
49601 28330 11101 1 1640 720 827
49600 28330 11105 1 1640 720 829
49600 28331 11109 1 1640 720 829
49600 28331 11114 1 1640 720 824
49599 28332 11118 1 1640 720 829
49600 28332 11124 1 1640 720 826
49600 28333 11131 1 1640 720 824
49600 28333 11136 1 1640 720 828
49600 28334 11143 1 1640 720 824
49600 28334 11149 1 1640 720 826
49600 28335 11155 1 1640 720 827
49600 28335 11161 1 1640 720 822
49601 28336 11168 1 1640 720 828
49601 28336 11174 1 1640 720 825
49600 28336 11180 1 1640 720 823
49600 28337 11186 1 1640 720 827
49600 28337 11193 1 1640 720 823
49601 28338 11199 1 1640 720 826
49601 28338 11205 1 1640 720 827
49601 28339 11213 1 1640 720 821
49601 28339 11222 1 1640 720 828
49602 28339 11230 1 1640 720 825
49602 28340 11239 1 1640 720 824
49602 28340 11246 1 1640 720 826
49603 28341 11255 1 1640 720 824
49602 28341 11263 1 1640 720 827
49602 28341 11271 1 1640 720 828
49602 28341 11279 1 1640 720 824
49602 28341 11287 1 1640 720 830
49602 28342 11295 1 1640 720 826
49602 28342 11303 1 1670 730 827
49603 28343 11312 1 1670 730 829
49603 28343 11319 1 1670 730 825
49603 28343 11328 1 1670 730 829
49603 28344 11336 1 1670 730 830
49604 28344 11345 1 1670 730 824
49604 28345 11352 1 1670 730 830
49604 28345 11361 1 1670 730 827
49605 28346 11369 1 1670 730 828
49605 28346 11378 1 1670 730 829
49605 28346 11385 1 1670 730 825
49604 28346 11393 1 1670 730 829
49604 28347 11401 1 1670 730 828
49605 28347 11409 1 1670 730 823
49605 28348 11417 1 1670 730 829
49605 28348 11426 1 1670 730 825
49605 28348 11433 1 1670 730 826
49605 28349 11441 1 1670 730 828
49606 28349 11449 1 1670 730 821
49606 28349 11458 1 1670 730 827
49606 28350 11465 1 1670 730 827
49607 28350 11474 1 1670 730 822
49607 28351 11482 1 1670 730 828
49606 28351 11490 1 1670 730 824
49606 28351 11497 1 1670 730 827
49606 28352 11505 1 1670 730 828
49607 28352 11514 1 1670 730 824
49607 28352 11522 1 1670 730 829
49607 28353 11530 1 1670 730 828
49607 28353 11538 1 1670 730 823
49608 28354 11546 1 1670 730 829
49608 28354 11554 1 1670 730 826
49608 28355 11563 1 1670 730 827
49609 28355 11570 1 1670 730 828
49609 28356 11579 1 1670 730 822
49609 28356 11586 1 1670 730 828
49610 28357 11595 1 1670 730 826
49610 28357 11602 1 1670 730 823
49610 28357 11610 1 1670 730 827
49610 28358 11617 1 1670 730 824
49609 28358 11625 1 1670 730 826
49610 28358 11633 1 1670 730 827
49610 28359 11641 1 1670 730 821
49610 28359 11648 1 1670 730 827
49611 28360 11657 1 1670 730 824
49611 28360 11664 1 1670 730 820
49611 28360 11672 1 1670 730 825
49612 28361 11680 1 1670 730 820
49612 28361 11688 1 1670 730 822
49612 28362 11695 1 1670 730 823
49613 28362 11704 1 1670 730 818
49613 28363 11711 1 1670 730 824
49613 28363 11719 1 1670 730 822
49614 28364 11726 1 1670 730 819
49613 28364 11734 1 1670 730 823
49613 28364 11741 1 1670 730 820
49614 28365 11750 1 1670 730 823
49614 28365 11758 1 1670 730 824
49614 28366 11765 1 1670 730 819
49615 28366 11773 1 1670 730 824
49615 28367 11780 1 1670 730 822
49615 28367 11789 1 1670 730 820
49616 28368 11796 1 1670 730 823
49616 28368 11804 1 1670 730 819
49615 28368 11811 1 1670 730 821
49615 28368 11818 1 1670 730 822
49615 28369 11825 1 1670 730 817
49616 28369 11834 1 1670 730 824
49616 28370 11841 1 1670 730 822
49616 28370 11849 1 1670 730 821
49616 28371 11857 1 1670 730 826
49616 28371 11866 1 1670 730 823
49615 28371 11873 1 1670 730 826
49615 28371 11882 1 1670 730 828
49612 28370 11886 1 1670 730 823
49610 28370 11886 1 1670 730 828
49607 28369 11889 1 1670 730 825
49604 28368 11889 1 1670 730 823
49600 28366 11892 1 1670 730 826
49596 28365 11892 1 1670 730 824
49592 28363 11893 1 1670 730 827
49585 28360 11894 1 1670 730 829
49571 28355 11895 1 1670 730 825
49548 28345 11896 1 1670 730 831
49520 28335 11897 1 1670 730 832
49489 28323 11901 1 1670 730 828
49457 28315 11902 1 1670 730 832
49426 28310 11902 1 1670 730 835
49389 28300 11904 1 1680 720 835
49351 28286 11905 1 1680 720 836
49318 28269 11906 1 1650 710 834
49297 28252 11909 1 1650 710 834
49275 28237 11910 1 1650 710 834
49258 28227 11911 1 1650 710 838
49247 28221 11913 1 1620 710 841
49235 28215 11915 1 1620 710 836
49226 28211 11917 1 1620 710 841
49215 28205 11918 1 1620 710 845
49201 28197 11918 1 1620 710 841
49187 28190 11921 1 1620 710 848
49173 28183 11925 1 1590 710 844
49161 28178 11926 1 1590 710 844
49149 28172 11927 1 1590 710 844
49130 28166 11931 1 1590 710 838
49109 28161 11931 1 1590 710 851
49088 28156 11948 1 1580 720 848
49066 28151 11986 1 1580 720 839
49046 28147 11998 1 1580 720 855
49027 28143 11998 1 1580 720 842
49001 28138 12000 1 1610 720 845
48973 28135 12001 1 1610 720 848
48942 28132 12003 1 1610 720 843
48913 28128 12003 1 1610 720 850
48886 28125 12004 1 1610 720 843
48857 28121 12005 1 1610 720 846
48836 28119 12005 1 1610 720 855
48823 28117 12005 1 1610 720 850
48814 28115 12008 1 1610 720 851
48798 28115 12013 1 1640 720 848
48774 28114 12018 1 1640 720 847
48751 28114 12021 1 1640 720 855
48729 28114 12024 1 1640 720 848
48708 28113 12025 1 1610 720 841
48688 28112 12030 1 1610 720 848
48662 28111 12039 1 1610 720 844
48634 28111 12043 1 1610 720 844
48594 28112 12047 1 1610 720 846
48561 28114 12055 1 1610 720 843
48535 28116 12062 1 1610 720 848
48508 28117 12062 1 1610 720 844
48479 28117 12068 1 1580 720 841
48449 28118 12069 1 1580 720 844
48414 28117 12076 1 1580 720 837
48382 28118 12084 1 1580 720 840
48354 28117 12094 1 1580 720 844
48327 28115 12096 1 1580 720 832
48301 28114 12098 1 1580 720 842
48274 28113 12103 1 1550 710 840
48246 28112 12112 1 1550 710 829
48217 28111 12115 1 1550 710 836
48193 28110 12121 1 1550 710 834
48175 28109 12127 1 1550 710 836
48160 28108 12129 1 1550 710 837
48150 28107 12133 1 1550 710 831
48146 28107 12135 1 1530 710 838
48142 28107 12142 1 1530 710 837
48139 28107 12148 1 1530 710 833
48138 28107 12148 1 1530 710 836
48136 28106 12153 1 1530 710 831
48132 28106 12154 1 1530 710 833
48125 28106 12160 1 1530 710 834
48116 28105 12167 1 1530 710 827
48107 28104 12171 1 1530 710 835
48101 28103 12171 1 1530 710 829
48098 28103 12172 1 1530 710 827
48098 28103 12179 1 1530 710 833
48096 28103 12181 1 1530 710 827
48097 28103 12184 1 1530 710 830
48097 28103 12186 1 1510 720 829
48097 28104 12190 1 1510 720 821
48098 28104 12191 1 1510 720 828
48098 28104 12191 1 1510 720 824
48099 28104 12191 1 1510 720 822
48099 28104 12197 1 1510 720 826
48100 28104 12199 1 1510 720 821
48100 28104 12203 1 1510 720 826
48101 28104 12206 1 1510 720 826
48101 28104 12209 1 1510 720 820
48101 28104 12217 1 1510 720 828
48102 28104 12224 1 1510 720 823
48102 28104 12232 1 1510 720 822
48103 28104 12238 1 1510 720 825
48103 28104 12245 1 1510 720 820
48104 28104 12251 1 1510 720 823
48105 28104 12258 1 1510 720 823
48106 28104 12264 1 1510 720 818
48107 28104 12271 1 1510 720 824
48107 28104 12277 1 1510 720 821
48108 28104 12284 1 1510 720 821
48109 28104 12290 1 1510 720 823
48110 28104 12297 1 1510 720 818
48110 28105 12303 1 1510 720 823
48111 28105 12310 1 1510 720 823
48112 28105 12317 1 1510 720 818
48113 28105 12323 1 1510 720 825
48114 28105 12330 1 1510 720 821
48114 28105 12335 1 1510 720 822
48115 28105 12342 1 1510 720 826
48116 28105 12347 1 1510 720 819
48117 28105 12354 1 1510 720 825
48118 28105 12359 1 1510 720 823
48118 28105 12365 1 1510 720 817
48119 28105 12371 1 1530 710 823
48120 28105 12377 1 1530 710 820
48121 28105 12383 1 1530 710 822
48122 28105 12389 1 1530 710 824
48122 28105 12395 1 1530 710 819
48123 28105 12401 1 1530 710 825
48124 28105 12406 1 1530 710 825
48124 28105 12413 1 1530 710 820
48125 28105 12418 1 1530 710 826
48126 28106 12424 1 1530 710 822
48126 28106 12430 1 1530 710 825
48127 28106 12436 1 1530 710 828
48128 28106 12442 1 1530 710 825
48129 28106 12448 1 1530 710 835
48129 28106 12453 1 1530 710 837
48130 28106 12459 1 1530 710 836
48131 28106 12465 1 1530 710 845
48130 28106 12471 1 1530 710 842
48131 28106 12476 1 1530 710 848
48132 28106 12483 1 1550 710 849
48133 28106 12489 1 1550 710 844
48133 28107 12496 1 1550 710 852
48134 28107 12503 1 1550 710 852
48135 28107 12509 1 1550 710 848
48135 28107 12516 1 1550 710 855
48136 28107 12523 1 1540 720 851
48137 28108 12530 1 1540 720 855
48137 28108 12536 1 1540 720 858
48138 28108 12543 1 1540 720 856
48139 28108 12549 1 1540 720 864
48139 28108 12556 1 1540 720 864
48140 28108 12562 1 1540 720 863
48141 28108 12569 1 1540 720 869
48141 28108 12575 1 1540 720 865
48142 28108 12582 1 1540 720 870
48143 28108 12588 1 1540 720 871
48144 28109 12595 1 1540 720 867
48144 28109 12601 1 1540 720 876
48143 28109 12607 1 1540 720 877
48142 28109 12613 1 1540 720 876
48143 28109 12619 1 1540 720 885
48143 28110 12626 1 1540 720 881
48143 28110 12632 1 1540 720 888
48143 28111 12638 1 1540 720 889
48144 28111 12645 1 1540 720 882
48144 28111 12650 1 1540 720 891
48143 28111 12656 1 1540 720 889
48143 28111 12662 1 1540 720 887
48143 28111 12669 1 1520 730 891
48142 28112 12674 1 1550 740 887
48142 28112 12681 1 1550 740 893
48141 28112 12687 1 1550 740 893
48142 28113 12693 1 1550 740 888
48142 28113 12700 1 1550 740 895
48142 28113 12705 1 1550 740 893
48143 28113 12712 1 1550 740 892
48143 28114 12718 1 1550 740 897
48143 28116 12725 1 1550 740 892
48143 28118 12733 1 1550 740 897
48142 28120 12741 1 1550 740 894
48138 28124 12750 1 1550 740 885
48129 28131 12760 1 1550 740 889
48115 28139 12770 1 1550 740 888
48095 28150 12781 1 1550 740 890
48075 28163 12791 1 1520 730 888
48055 28176 12801 1 1520 730 886
48041 28189 12829 1 1520 730 889
48025 28202 12854 1 1540 720 887
48009 28218 12879 1 1540 720 891
47987 28235 12905 1 1540 720 887
47963 28253 12927 1 1540 720 889
47940 28274 12950 1 1540 720 889
47917 28296 12969 1 1540 720 903
47898 28319 12988 1 1540 720 883
47882 28345 13010 1 1550 710 894
47865 28371 13036 1 1550 710 901
47847 28401 13056 1 1550 710 888
47831 28433 13077 1 1550 710 896
47813 28461 13094 1 1550 710 892
47798 28489 13111 1 1550 710 893
47782 28516 13126 1 1550 710 894
47764 28546 13141 1 1550 710 884
47737 28576 13150 1 1530 710 896
47713 28606 13161 1 1540 700 896
47692 28635 13177 1 1540 700 886
47676 28663 13191 1 1540 700 897
47661 28691 13205 1 1540 700 889
47646 28720 13220 1 1540 700 890
47632 28748 13234 1 1540 700 895
47617 28779 13249 1 1540 700 890
47606 28804 13262 1 1540 700 893
47594 28829 13274 1 1540 700 892
47586 28854 13288 1 1540 700 890
47576 28882 13303 1 1540 700 894
47562 28916 13319 1 1540 700 888
47547 28954 13338 1 1540 700 895
47532 28988 13358 1 1540 700 899
47518 29017 13374 1 1540 700 896
47508 29041 13387 1 1540 700 903
47498 29062 13399 1 1520 700 897
47488 29093 13416 1 1520 700 893
47478 29131 13434 1 1520 700 895
47468 29186 13459 1 1530 690 889
47455 29245 13484 1 1530 690 898
47443 29300 13506 1 1530 690 899
47431 29354 13528 1 1530 690 891
47419 29403 13549 1 1530 690 893
47410 29461 13574 1 1530 690 893
47397 29512 13599 1 1530 690 892
47384 29542 13615 1 1530 690 900
47371 29572 13632 1 1530 690 897
47360 29597 13648 1 1530 690 898
47352 29618 13666 1 1530 690 899
47342 29641 13683 1 1530 690 893
47334 29662 13700 1 1530 690 903
47325 29680 13716 1 1530 690 904
47317 29695 13729 1 1540 680 902
47311 29708 13740 1 1540 680 904
47303 29721 13749 1 1540 680 899
47296 29735 13760 1 1540 680 904
47287 29752 13771 1 1540 680 901
47280 29769 13782 1 1540 680 898
47268 29791 13791 1 1540 680 907
47249 29822 13802 1 1540 680 904
47228 29854 13812 1 1540 680 899
47205 29891 13823 1 1540 680 902
47183 29931 13827 1 1540 680 903
47164 29971 13828 1 1540 680 903
47148 30009 13828 1 1540 680 902
47134 30044 13837 1 1540 680 895
47121 30074 13849 1 1530 690 903
47108 30099 13858 1 1530 690 899
47096 30127 13859 1 1530 690 893
47085 30153 13859 1 1530 690 905
47075 30179 13859 1 1490 690 895
47065 30205 13861 1 1490 690 894
47056 30229 13863 1 1490 690 900
47045 30255 13865 1 1520 700 899
47038 30278 13868 1 1520 700 898
47026 30306 13869 1 1500 710 888
47014 30333 13871 1 1500 710 897
47002 30361 13874 1 1530 710 894
46988 30391 13874 1 1530 710 890
46978 30420 13878 1 1530 710 889
46970 30448 13878 1 1550 710 886
46960 30479 13884 1 1550 710 883
46951 30506 13886 1 1550 710 891
46944 30525 13887 1 1550 710 886
46938 30541 13890 1 1550 710 885
46934 30551 13895 1 1580 720 889
46931 30559 13896 1 1580 720 885
46929 30566 13896 1 1590 710 887
46928 30569 13902 1 1590 710 885
46926 30572 13902 1 1590 710 879
46926 30574 13908 1 1590 710 882
46924 30576 13909 1 1590 710 878
46923 30579 13909 1 1590 710 878
46923 30580 13914 1 1590 710 880
46922 30582 13915 1 1590 710 877
46922 30584 13919 1 1590 710 879
46921 30586 13920 1 1590 710 879
46921 30587 13922 1 1590 710 874
46921 30588 13923 1 1590 710 878
46921 30589 13926 1 1590 710 875
46921 30590 13927 1 1590 710 873
46921 30590 13929 1 1590 710 873
46921 30591 13936 1 1590 710 870
46920 30593 13941 1 1590 710 873
46920 30595 13948 1 1590 710 873
46919 30598 13952 1 1590 710 870
46919 30601 13958 1 1590 710 872
46919 30603 13964 1 1600 700 869
46919 30604 13970 1 1580 700 869
46919 30605 13976 1 1580 700 870
46919 30607 13982 1 1580 700 866
46919 30607 13988 1 1580 700 869
46919 30608 13994 1 1580 700 869
46919 30609 14000 1 1600 700 865
46918 30611 14004 1 1600 700 869
46918 30613 14009 1 1600 700 864
46917 30615 14013 1 1600 700 865
46917 30615 14019 1 1600 700 864
46917 30616 14024 1 1600 700 861
46917 30618 14030 1 1600 700 863
46917 30622 14035 1 1600 700 860
46916 30629 14037 1 1600 700 859
46916 30634 14042 1 1600 700 862
46916 30640 14046 1 1600 700 860
46915 30646 14049 1 1600 700 862
46915 30651 14053 1 1600 700 861
46913 30658 14053 1 1600 700 857
46913 30667 14055 1 1600 700 863
46912 30675 14058 1 1600 700 861
46912 30683 14062 1 1600 700 855
46912 30691 14066 1 1600 700 854
46912 30700 14072 1 1600 700 855
46912 30708 14076 1 1600 700 857
46912 30715 14081 1 1600 700 857
46912 30720 14086 1 1600 700 852
46912 30722 14092 1 1600 700 856
46912 30724 14097 1 1600 700 856
46912 30725 14102 1 1630 700 853
46912 30726 14107 1 1630 700 856
46912 30728 14113 1 1640 690 854
46912 30729 14118 1 1640 690 856
46912 30731 14123 1 1640 690 856
46912 30731 14128 1 1640 690 852
46912 30732 14134 1 1640 690 855
46912 30733 14139 1 1640 690 853
46912 30733 14144 1 1640 690 850
46912 30734 14149 1 1610 690 852
46912 30734 14154 1 1610 690 849
46912 30735 14159 1 1640 690 850
46911 30736 14164 1 1640 690 850
46911 30736 14169 1 1640 690 846
46911 30737 14174 1 1640 690 848
46911 30737 14179 1 1640 690 845
46911 30738 14184 1 1640 690 843
46911 30739 14189 1 1640 690 845
46911 30740 14194 1 1640 690 842
46911 30741 14200 1 1640 690 843
46911 30741 14205 1 1640 690 842
46911 30742 14211 1 1640 690 837
46911 30743 14215 1 1640 690 838
46911 30744 14221 1 1640 690 834
46911 30745 14226 1 1640 690 832
46911 30746 14232 1 1610 690 831
46910 30747 14238 1 1610 690 828
46910 30748 14246 1 1610 690 829
46910 30749 14253 1 1610 690 830
46910 30750 14262 1 1610 690 827
46910 30750 14269 1 1610 690 830
46910 30751 14277 1 1610 690 826
46909 30752 14284 1 1610 690 825
46909 30753 14292 1 1610 690 823
46909 30755 14299 1 1610 690 820
46909 30756 14307 1 1610 690 821
46909 30757 14314 1 1610 690 820
46909 30759 14322 1 1610 690 816
46916 30760 14351 1 1610 690 820
46928 30760 14393 1 1610 690 817
46947 30752 14440 1 1610 690 819
46968 30734 14475 1 1610 690 819
46984 30716 14496 1 1610 690 816
46997 30702 14511 1 1610 690 820
47006 30693 14520 1 1610 690 821
47017 30684 14528 1 1590 690 820
47032 30678 14536 1 1590 690 824
47051 30671 14543 1 1590 690 821
47073 30662 14551 1 1590 690 821
47092 30653 14557 1 1560 680 822
47115 30638 14565 1 1560 680 820
47137 30629 14574 1 1560 680 823
47162 30619 14585 1 1560 680 823
47192 30612 14597 1 1560 680 819
47222 30608 14610 1 1560 680 823
47252 30605 14622 1 1560 680 822
47277 30603 14634 1 1560 680 823
47293 30604 14644 1 1560 680 825
47301 30607 14655 1 1560 680 823
47310 30606 14664 1 1580 670 828
47322 30601 14675 1 1580 670 825
47342 30595 14686 1 1580 670 822
47363 30590 14698 1 1580 670 826
47380 30595 14711 1 1580 670 824
47393 30602 14725 1 1580 670 825
47406 30606 14736 1 1600 680 825
47419 30611 14746 1 1600 680 822
47439 30616 14757 1 1600 680 825
47467 30635 14761 1 1600 680 823
47494 30654 14764 1 1600 680 822
47521 30672 14768 1 1600 680 825
47544 30689 14773 1 1600 680 823
47562 30701 14777 1 1600 680 825
47582 30711 14783 1 1600 680 821
47614 30726 14791 1 1600 680 818
47650 30744 14799 1 1600 680 824
47689 30765 14799 1 1620 680 823
47720 30781 14799 1 1620 680 821
47746 30793 14801 1 1620 680 825
47772 30803 14802 1 1620 680 820
47796 30814 14803 1 1620 680 825
47817 30825 14806 1 1620 680 828
47834 30834 14806 1 1650 670 822
47851 30842 14812 1 1650 670 822
47875 30857 14817 1 1650 670 823
47901 30869 14823 1 1650 670 820
47928 30882 14833 1 1680 680 822
47956 30896 14843 1 1680 680 819
47982 30904 14852 1 1680 680 820
48010 30912 14863 1 1680 680 821
48039 30920 14872 1 1680 680 813
48067 30929 14882 1 1680 680 814
48093 30939 14891 1 1700 680 817
48114 30952 14899 1 1700 680 817
48129 30963 14905 1 1700 680 819
48140 30970 14914 1 1700 680 818
48150 30972 14921 1 1700 680 820
48161 30977 14929 1 1700 680 820
48174 30984 14936 1 1700 680 816
48194 30992 14944 1 1730 680 809
48221 31007 14953 1 1730 670 809
48251 31017 14965 1 1730 670 808
48282 31028 14978 1 1730 670 809
48308 31038 14988 1 1730 670 807
48323 31040 14998 1 1730 670 809
48337 31042 15006 1 1730 670 810
48353 31045 15016 1 1730 670 804
48373 31053 15025 1 1730 670 808
48393 31061 15035 1 1750 670 805
48416 31068 15045 1 1750 670 801
48444 31077 15055 1 1750 670 803
48474 31088 15067 1 1750 670 800
48507 31101 15082 1 1750 670 802
48539 31117 15098 1 1750 670 805
48567 31130 15116 1 1760 660 801
48594 31138 15132 1 1780 660 804
48624 31147 15149 1 1780 660 800
48652 31157 15165 1 1780 660 801
48674 31166 15179 1 1780 660 804
48689 31171 15190 1 1780 660 802
48703 31173 15201 1 1800 660 803
48721 31177 15212 1 1800 660 803
48744 31184 15225 1 1800 660 799
48767 31192 15227 1 1800 660 803
48791 31197 15230 1 1800 660 800
48813 31200 15232 1 1800 660 798
48829 31201 15236 1 1800 660 798
48844 31201 15239 1 1800 650 796
48855 31202 15242 1 1800 650 799
48866 31202 15246 1 1800 650 798
48878 31203 15249 1 1800 650 793
48890 31206 15252 1 1800 650 797
48903 31211 15257 1 1800 650 793
48916 31216 15261 1 1800 650 793
48932 31222 15264 1 1800 650 792
48949 31227 15268 1 1800 650 788
48964 31230 15271 1 1800 650 791
48975 31233 15275 1 1800 650 789
48990 31236 15279 1 1800 650 776
49007 31247 15284 1 1800 650 783
49025 31258 15288 1 1800 650 782
49041 31268 15292 1 1800 650 784
49050 31277 15296 1 1800 650 787
49053 31280 15300 1 1800 650 784
49055 31282 15304 1 1800 650 789
49057 31283 15309 1 1800 650 788
49060 31284 15312 1 1800 650 785
49062 31286 15317 1 1820 650 788
49064 31286 15320 1 1820 650 783
49066 31287 15325 1 1820 650 784
49067 31289 15328 1 1820 650 783
49070 31290 15333 1 1820 650 778
49076 31294 15336 1 1820 650 784
49089 31299 15340 1 1820 650 779
49111 31306 15344 1 1820 650 777
49135 31315 15349 1 1820 650 779
49160 31325 15352 1 1820 650 777
49180 31332 15357 1 1820 650 778
49195 31336 15360 1 1800 650 779
49206 31340 15364 1 1800 650 775
49215 31345 15368 1 1800 650 780
49225 31349 15372 1 1800 650 778
49231 31352 15375 1 1800 650 777
49237 31355 15379 1 1800 650 780
49238 31358 15383 1 1800 650 776
49241 31360 15387 1 1800 650 778
49244 31362 15390 1 1800 650 777
49247 31364 15394 1 1780 640 773
49250 31365 15398 1 1780 640 779
49252 31365 15401 1 1780 640 778
49254 31366 15404 1 1760 640 776
49254 31367 15408 1 1760 640 779
49255 31367 15411 1 1760 640 776
49256 31368 15415 1 1760 640 779
49258 31370 15418 1 1760 640 780
49258 31371 15421 1 1760 640 776
49260 31371 15425 1 1760 640 782
49262 31372 15428 1 1760 640 779
49263 31372 15431 1 1760 640 777
49266 31374 15434 1 1760 640 779
49271 31375 15438 1 1760 640 774
49279 31378 15441 1 1760 640 770
49293 31386 15445 1 1780 640 769
49307 31394 15448 1 1780 640 763
49321 31404 15451 1 1780 640 770
49334 31412 15455 1 1780 640 766
49345 31419 15459 1 1780 640 764
49355 31424 15462 1 1780 640 768
49364 31429 15466 1 1780 640 764
49371 31433 15469 1 1780 640 769
49371 31433 15472 1 1780 640 768
49371 31433 15475 1 1800 640 763
49372 31434 15478 1 1800 640 771
49372 31435 15481 1 1800 640 767
49372 31436 15484 1 1800 640 768
49372 31436 15487 1 1800 640 771
49371 31437 15490 1 1800 640 769
49371 31437 15493 1 1800 640 774
49371 31437 15495 1 1800 640 776
49371 31437 15498 1 1800 640 773
49371 31438 15501 1 1800 640 781
49371 31438 15504 1 1800 640 778
49371 31438 15507 1 1800 640 779
49370 31438 15510 1 1800 640 783
49370 31439 15512 1 1800 640 779
49370 31439 15515 1 1800 640 782
49370 31439 15518 1 1800 640 782
49370 31439 15521 1 1800 640 779
49370 31440 15523 1 1800 640 782
49370 31440 15526 1 1800 640 778
49369 31440 15528 1 1800 640 778
49369 31440 15531 1 1800 640 778
49369 31441 15534 1 1800 640 774
49368 31441 15537 1 1800 640 776
49368 31441 15539 1 1800 640 776
49368 31442 15542 1 1800 640 771
49367 31442 15544 1 1800 640 774
49367 31442 15547 1 1800 640 770
49367 31443 15549 1 1800 640 770
49366 31443 15552 1 1800 640 770
49366 31443 15554 1 1800 640 764
49366 31444 15557 1 1800 640 767
49366 31444 15559 1 1800 640 765
49365 31444 15562 1 1800 640 763
49365 31444 15564 1 1800 640 768
49364 31445 15567 1 1800 640 767
49364 31446 15569 1 1800 640 768
49363 31446 15571 1 1800 640 769
49363 31447 15574 1 1800 640 764
49362 31447 15576 1 1800 640 765
49362 31447 15578 1 1800 640 757
49362 31447 15579 1 1800 640 744
49361 31448 15581 1 1800 640 732
49361 31448 15583 1 1800 640 698
49360 31448 15585 1 1800 640 642
49360 31449 15587 1 1800 640 537
49360 31449 15589 1 1800 640 326
49359 31449 15591 1 1800 640 326
49359 31450 15592 1 1800 640 326
