47937 32607 182 1 1710 560 18
47972 32606 184 1 1710 560 33
48000 32606 185 1 1710 560 44
48036 32606 187 1 1710 560 52
48080 32605 189 1 1710 560 69
48132 32604 191 1 1710 560 74
48191 32603 192 1 1710 560 92
48255 32602 194 1 1710 560 101
48325 32600 196 1 1710 560 113
48395 32597 198 1 1710 560 130
48469 32594 202 1 1730 560 127
48540 32589 209 1 1730 560 120
48609 32585 216 1 1730 560 126
48673 32582 224 1 1730 560 118
48738 32580 232 1 1730 560 120
48805 32578 240 1 1730 560 112
48872 32576 249 1 1730 560 109
48940 32573 258 1 1730 560 114
49008 32571 268 1 1740 560 111
49075 32567 279 1 1740 560 106
49141 32564 290 1 1740 560 110
49203 32561 301 1 1740 560 111
49264 32554 312 1 1760 560 113
49325 32547 323 1 1760 560 118
49386 32539 335 1 1760 560 115
49442 32531 346 1 1760 560 119
49496 32524 358 1 1760 560 110
49545 32518 369 1 1760 560 106
49596 32511 381 1 1770 560 109
49649 32505 395 1 1770 560 105
49704 32498 409 1 1770 560 106
49761 32491 424 1 1770 560 108
49812 32485 440 1 1790 560 107
49858 32478 453 1 1790 560 106
49897 32474 466 1 1790 560 104
49928 32470 477 1 1790 560 102
49954 32466 488 1 1790 560 108
49976 32464 497 1 1800 560 102
49998 32461 508 1 1800 560 108
50018 32460 518 1 1800 560 108
50035 32458 527 1 1800 560 107
50056 32457 538 1 1800 560 110
50078 32456 548 1 1800 560 106
50103 32455 559 1 1800 560 108
50127 32453 571 1 1800 560 111
50146 32452 581 1 1800 560 110
50164 32451 590 1 1800 560 115
50174 32451 597 1 1800 560 116
50181 32451 604 1 1800 560 120
50186 32450 611 1 1800 560 129
50189 32450 617 1 1800 560 130
50193 32450 623 1 1800 560 132
50197 32450 629 1 1800 560 139
50198 32450 633 1 1800 560 139
50202 32450 639 1 1800 560 141
50207 32450 644 1 1800 560 143
50211 32450 649 1 1800 560 143
50217 32449 655 1 1800 560 149
50220 32449 660 1 1800 560 150
50223 32449 665 1 1800 560 151
50226 32449 670 1 1800 560 154
50226 32449 675 1 1800 560 151
50225 32449 680 1 1800 560 155
50225 32450 685 1 1800 560 157
50225 32450 690 1 1800 560 159
50225 32450 696 1 1800 560 166
50225 32450 700 1 1800 560 165
50225 32450 706 1 1800 560 163
50225 32450 711 1 1800 560 165
50225 32450 716 1 1800 560 162
50225 32450 721 1 1800 560 166
50225 32450 727 1 1800 560 166
50225 32450 732 1 1800 560 166
50225 32451 738 1 1800 560 170
50225 32451 743 1 1800 560 169
50225 32451 749 1 1800 560 168
50225 32451 754 1 1800 560 171
50225 32451 760 1 1800 560 168
50225 32451 765 1 1800 560 173
50225 32451 771 1 1800 560 170
50225 32451 776 1 1800 560 166
50225 32451 783 1 1800 560 170
50225 32451 788 1 1800 560 167
50225 32452 794 1 1800 560 167
50225 32452 800 1 1800 560 168
50225 32452 806 1 1800 560 166
50225 32452 813 1 1800 560 172
50225 32452 818 1 1800 560 170
50224 32452 825 1 1800 560 170
50224 32452 831 1 1800 560 178
50224 32453 837 1 1800 560 177
50224 32453 843 1 1800 560 178
50224 32453 850 1 1800 560 179
50224 32453 856 1 1800 560 176
50224 32453 863 1 1800 560 181
50224 32453 869 1 1800 560 176
50224 32454 876 1 1800 560 172
50224 32454 882 1 1800 560 178
50224 32454 889 1 1800 560 176
50224 32454 895 1 1800 560 177
50224 32454 902 1 1800 560 178
50224 32454 909 1 1800 560 175
50224 32454 916 1 1800 560 179
50224 32455 922 1 1800 560 176
50224 32455 930 1 1800 560 171
50224 32455 936 1 1800 560 175
50224 32454 943 1 1800 560 171
50224 32452 948 1 1800 560 171
50224 32451 955 1 1810 560 172
50224 32448 960 1 1810 560 170
50224 32446 966 1 1810 560 177
50225 32441 971 1 1800 560 175
50225 32437 976 1 1800 560 173
50226 32430 980 1 1800 560 180
50227 32423 985 1 1800 560 185
50226 32415 989 1 1800 560 185
50227 32407 995 1 1800 560 179
50226 32399 1000 1 1800 560 173
50226 32391 1004 1 1800 560 179
50229 32381 1009 1 1800 560 176
50235 32367 1013 1 1800 560 177
50242 32351 1018 1 1800 560 183
50249 32330 1020 1 1800 560 192
50251 32306 1020 1 1800 560 189
50253 32279 1021 1 1800 560 195
50255 32249 1021 1 1800 570 198
50257 32215 1022 1 1800 570 199
50262 32179 1022 1 1800 570 199
50268 32140 1023 1 1800 570 196
50275 32099 1023 1 1800 570 203
50282 32061 1023 1 1800 570 202
50289 32024 1027 1 1800 570 205
50295 31981 1029 1 1800 580 209
50300 31947 1031 1 1800 580 214
50307 31915 1033 1 1800 580 214
50312 31883 1033 1 1800 580 222
50316 31858 1034 1 1800 580 231
50322 31829 1034 1 1800 580 229
50326 31801 1037 1 1800 580 232
50329 31769 1045 1 1800 580 237
50334 31738 1055 1 1800 580 236
50339 31708 1067 1 1800 580 236
50342 31675 1079 1 1800 580 241
50346 31643 1091 1 1800 570 243
50349 31611 1103 1 1800 570 242
50350 31575 1117 1 1800 570 245
50351 31541 1130 1 1800 570 245
50352 31505 1144 1 1800 570 245
50353 31468 1158 1 1800 560 248
50354 31432 1171 1 1800 560 243
50355 31393 1186 1 1800 560 257
50355 31352 1200 1 1800 560 247
50356 31307 1216 1 1800 560 250
50362 31268 1234 1 1800 560 254
50367 31229 1254 1 1800 560 255
50373 31190 1272 1 1800 560 255
50376 31148 1296 1 1790 560 258
50376 31108 1324 1 1790 560 269
50376 31064 1357 1 1790 560 264
50374 31017 1391 1 1790 560 265
50372 30976 1411 1 1780 570 264
50372 30939 1415 1 1780 570 274
50372 30903 1421 1 1780 570 268
50371 30865 1426 1 1780 570 269
50371 30828 1432 1 1780 570 275
50368 30790 1437 1 1780 570 275
50365 30752 1443 1 1780 570 279
50362 30714 1447 1 1780 570 275
50361 30676 1454 1 1780 570 278
50362 30638 1461 1 1780 580 283
50363 30599 1469 1 1780 580 275
50361 30560 1475 1 1780 580 285
50360 30521 1482 1 1780 580 280
50358 30483 1489 1 1780 580 279
50355 30446 1496 1 1780 580 282
50354 30408 1502 1 1780 580 285
50354 30367 1509 1 1780 580 286
50353 30327 1515 1 1780 590 289
50353 30286 1515 1 1780 590 278
50352 30247 1516 1 1780 590 293
50350 30210 1517 1 1780 590 289
50347 30170 1522 1 1770 590 282
50347 30135 1522 1 1770 590 298
50346 30098 1524 1 1770 600 293
50347 30062 1529 1 1770 600 288
50347 30024 1534 1 1770 600 293
50346 29985 1543 1 1770 600 304
50343 29947 1543 1 1770 600 302
50340 29911 1553 1 1770 600 299
50338 29876 1555 1 1770 600 292
50335 29839 1562 1 1770 600 305
50333 29799 1568 1 1770 600 306
50335 29754 1572 1 1770 600 316
50336 29712 1573 1 1770 600 318
50338 29670 1573 1 1770 600 307
50340 29632 1574 1 1770 600 324
50340 29598 1575 1 1770 600 316
50335 29564 1575 1 1770 600 313
50330 29530 1577 1 1770 600 321
50322 29497 1578 1 1770 600 328
50317 29468 1580 1 1770 600 328
50312 29441 1581 1 1770 600 327
50308 29419 1587 1 1770 590 326
50305 29404 1591 1 1770 590 341
50301 29393 1596 1 1770 590 334
50299 29389 1600 1 1770 590 328
50297 29388 1602 1 1770 590 339
50296 29388 1610 1 1750 590 334
50296 29388 1616 1 1750 580 333
50296 29389 1619 1 1750 580 328
50295 29389 1627 1 1750 580 306
50292 29389 1630 1 1750 580 272
50286 29390 1637 1 1750 580 189
50270 29391 1639 1 1750 580 84
50296 29445 1645 0 1750 580 0
50239 29474 1650 0 1750 580 0
50206 29524 1655 0 1750 580 0
50179 29592 1660 0 1750 580 0
50156 29675 1666 0 1750 580 0
50136 29761 1672 0 1750 580 0
50121 29853 1678 0 1750 580 0
50100 29943 1682 0 1750 590 0
50073 30026 1694 0 1750 590 0
50037 30102 1697 0 1750 590 0
49998 30166 1704 0 1750 590 0
49955 30231 1715 0 1750 590 0
49907 30295 1718 0 1750 590 0
49858 30355 1720 0 1730 590 0
49808 30413 1722 0 1730 590 0
49762 30467 1723 0 1720 580 0
49717 30524 1725 0 1720 580 0
49673 30585 1728 0 1710 570 0
49621 30651 1732 0 1710 570 0
49553 30724 1735 0 1700 560 0
49482 30805 1739 0 1680 550 0
49409 30907 1743 0 1670 540 0
49339 31011 1748 0 1660 530 0
49258 31120 1749 0 1660 520 0
49174 31223 1752 0 1650 500 0
49082 31322 1757 0 1650 490 0
48985 31415 1761 0 1660 470 0
48884 31516 1765 0 1680 450 0
48778 31618 1769 0 1680 440 0
48672 31711 1772 0 1700 430 0
48562 31800 1781 0 1700 410 0
48462 31877 1833 0 1720 400 0
48360 31953 1882 0 1720 390 0
48263 32043 1935 0 1730 380 0
48188 32138 1973 0 1730 380 0
48111 32223 2008 0 1740 390 0
48040 32282 2036 0 1740 390 0
47976 32328 2063 0 1730 400 0
47908 32359 2085 0 1740 410 0
47835 32382 2095 0 1740 420 0
47767 32400 2104 0 1730 430 0
47703 32413 2115 0 1730 440 0
47642 32426 2126 0 1730 450 0
47590 32437 2138 0 1720 460 0
47543 32446 2149 0 1700 480 0
47503 32450 2160 0 1690 500 0
47468 32460 2170 0 1680 500 0
47439 32463 2180 0 1660 520 0
47417 32466 2189 0 1640 530 0
47413 32468 2198 0 1630 540 0
47411 32471 2205 0 1620 540 0
47402 32477 2214 0 1620 540 0
47402 32479 2222 0 1620 540 0
47408 32481 2230 0 1600 530 0
47420 32483 2236 0 1600 530 0
47425 32485 2244 0 1600 530 0
47427 32487 2252 0 1600 530 0
47430 32489 2260 0 1600 530 0
47436 32491 2267 0 1600 530 0
47438 32493 2275 0 1620 540 0
47438 32496 2284 0 1620 540 0
47437 32498 2291 0 1620 540 0
47437 32500 2300 0 1620 540 0
47436 32501 2308 0 1620 540 0
47436 32501 2316 0 1620 540 0
47435 32501 2323 0 1620 540 0
47434 32502 2332 0 1620 540 0
47430 32502 2340 0 1620 540 0
47427 32502 2349 0 1620 540 0
47426 32499 2355 0 1620 540 0
47424 32494 2363 0 1620 540 0
47425 32487 2369 0 1620 540 0
47424 32484 2377 0 1620 540 0
47425 32476 2383 0 1620 540 0
47425 32469 2390 0 1620 540 0
47423 32467 2397 0 1620 540 0
47420 32462 2404 0 1620 540 0
47414 32458 2411 0 1620 540 0
47404 32455 2419 0 1610 550 0
47388 32451 2426 0 1600 540 0
47377 32448 2434 0 1600 540 0
47373 32445 2441 0 1600 540 0
47369 32438 2449 0 1600 540 0
47361 32436 2456 0 1600 540 0
47353 32432 2464 0 1600 540 0
47347 32423 2471 0 1610 550 0
47335 32414 2478 0 1610 550 0
47321 32410 2486 0 1610 550 0
47316 32397 2494 0 1610 550 0
47296 32386 2502 0 1600 550 0
47284 32373 2511 0 1600 550 0
47272 32359 2519 0 1600 550 0
47268 32343 2525 0 1600 550 0
47252 32326 2534 0 1600 550 0
47249 32307 2540 0 1600 550 0
47237 32284 2548 0 1620 560 0
47233 32257 2553 0 1610 570 0
47230 32226 2559 0 1610 570 0
47216 32191 2566 0 1610 570 0
47213 32154 2572 0 1610 570 0
47212 32119 2577 0 1610 570 0
47207 32085 2583 0 1610 570 0
47203 32065 2584 0 1620 580 0
47201 32050 2584 0 1620 580 0
47199 32038 2585 0 1610 590 0
47198 32036 2593 0 1610 590 0
47204 32037 2599 0 1610 590 0
47225 32037 2600 0 1610 590 0
47242 32037 2602 0 1610 590 0
47259 32045 2610 0 1610 590 0
47276 32060 2623 0 1610 600 0
47294 32079 2639 0 1610 600 0
47312 32107 2652 0 1610 600 0
47328 32142 2665 0 1610 600 0
47346 32179 2678 0 1610 600 0
47360 32216 2693 0 1610 600 0
47375 32252 2707 0 1610 600 0
47387 32285 2719 0 1610 600 0
47401 32317 2729 0 1610 600 0
47415 32344 2740 0 1610 590 0
47429 32368 2749 0 1610 590 0
47444 32389 2760 0 1610 590 0
47457 32406 2771 0 1610 590 0
47469 32420 2780 0 1610 590 0
47483 32433 2791 0 1610 590 0
47495 32446 2801 0 1620 580 0
47504 32457 2812 0 1640 580 0
47508 32468 2822 0 1640 580 0
47520 32478 2833 0 1640 580 0
47524 32487 2842 0 1640 570 0
47529 32495 2853 0 1640 570 0
47536 32502 2862 0 1640 570 0
47541 32504 2872 0 1650 560 0
47544 32508 2881 0 1650 560 0
47548 32513 2891 0 1650 560 0
47547 32514 2900 0 1660 560 0
47547 32517 2909 0 1660 560 0
47546 32518 2918 0 1660 560 0
47546 32520 2928 0 1660 560 0
47546 32521 2936 0 1660 560 0
47545 32522 2946 0 1660 560 0
47545 32522 2955 0 1670 550 0
47546 32522 2964 0 1670 550 0
47549 32522 2973 0 1670 550 0
47553 32523 2982 0 1660 560 0
47556 32523 2991 0 1660 560 0
47562 32523 3000 0 1680 560 0
47570 32524 3009 0 1680 560 0
47581 32524 3019 0 1680 560 0
47593 32524 3027 0 1680 560 0
47607 32525 3036 0 1680 560 0
47622 32525 3044 0 1680 560 0
47638 32525 3053 0 1680 560 0
47658 32526 3062 0 1690 570 0
47678 32526 3070 0 1690 570 0
47697 32526 3079 0 1690 570 0
47717 32527 3087 0 1690 570 0
47733 32533 3097 0 1690 570 0
47746 32538 3107 0 1690 570 0
47757 32544 3115 0 1690 570 0
47766 32550 3117 0 1690 570 0
47773 32555 3126 0 1690 570 0
47782 32560 3127 0 1690 570 0
47790 32564 3136 0 1690 570 0
47796 32568 3137 0 1710 570 0
47799 32571 3144 0 1710 570 0
47798 32574 3147 0 1710 570 0
47798 32578 3152 0 1710 570 0
47797 32581 3157 0 1710 570 0
47796 32584 3160 0 1710 570 0
47796 32586 3168 0 1710 570 0
47795 32588 3170 0 1710 570 0
47795 32588 3175 0 1710 570 0
47794 32588 3182 0 1710 570 0
47794 32588 3183 0 1710 570 0
47794 32588 3190 0 1710 570 0
47793 32587 3196 0 1710 570 0
47793 32584 3198 0 1710 570 0
47793 32581 3206 0 1710 570 0
47793 32578 3210 0 1710 570 0
47860 32581 3215 1 1710 570 25
47786 32574 3223 0 1710 570 56
47854 32572 3227 1 1710 570 63
47845 32566 3230 1 1710 570 79
47835 32559 3236 1 1710 570 89
47822 32551 3242 1 1710 570 100
47805 32540 3244 1 1710 570 121
47780 32524 3247 1 1710 570 136
47748 32503 3254 1 1710 570 144
47710 32473 3257 1 1710 570 172
47666 32440 3260 1 1700 580 175
47617 32396 3260 1 1700 580 183
47552 32342 3262 1 1700 580 194
47488 32287 3262 1 1690 580 196
47430 32233 3265 1 1690 580 206
47371 32171 3266 1 1690 580 210
47315 32104 3269 1 1680 580 221
47264 32023 3270 1 1680 580 228
47210 31933 3272 1 1680 580 234
47161 31838 3273 1 1680 580 239
47110 31735 3274 1 1680 580 244
47068 31634 3274 1 1680 580 250
47031 31563 3277 1 1670 580 255
46993 31517 3278 1 1670 580 262
46949 31477 3280 1 1670 580 261
46909 31437 3282 1 1670 580 266
46867 31386 3282 1 1670 580 277
46824 31335 3286 1 1670 580 285
46788 31276 3292 1 1650 580 285
46758 31216 3295 1 1650 580 284
46730 31160 3295 1 1650 580 305
46711 31105 3296 1 1650 580 303
46692 31051 3303 1 1640 580 307
46671 31000 3305 1 1640 580 317
46638 30960 3308 1 1640 580 319
46607 30928 3309 1 1630 590 328
46586 30900 3311 1 1630 590 327
46572 30879 3312 1 1630 590 322
46566 30862 3313 1 1610 590 330
46559 30853 3321 1 1610 590 331
46554 30847 3329 1 1610 590 340
46552 30844 3337 1 1610 600 347
46548 30843 3345 1 1610 600 350
46544 30843 3355 1 1610 600 360
46543 30843 3363 1 1610 600 358
46541 30845 3373 1 1610 600 354
46541 30846 3377 1 1610 600 355
46540 30847 3381 1 1610 600 334
46540 30848 3387 1 1610 600 290
46540 30850 3391 1 1610 600 194
46539 30851 3394 1 1610 600 52
46539 30852 3399 1 1610 600 0
46577 30848 3402 0 1610 600 0
46576 30871 3403 0 1610 600 0
46575 30884 3403 0 1610 600 0
46575 30891 3405 0 1620 600 0
46575 30891 3405 0 1620 600 0
46583 30870 3408 0 1620 600 0
46605 30826 3408 0 1620 600 0
46630 30762 3408 0 1630 590 0
46654 30689 3410 0 1630 590 0
46663 30608 3412 0 1650 590 0
46669 30539 3412 0 1650 590 0
46671 30482 3413 0 1650 590 0
46675 30437 3414 0 1650 590 0
46676 30406 3414 0 1650 590 0
46675 30400 3415 0 1650 590 0
46646 30394 3416 0 1650 580 0
46623 30381 3416 0 1650 580 0
46600 30376 3419 0 1640 580 0
46576 30372 3423 0 1640 580 0
46552 30378 3426 0 1640 580 0
46530 30393 3429 0 1630 590 0
46512 30409 3433 0 1630 590 0
46498 30425 3440 0 1610 590 0
46488 30441 3446 0 1610 590 0
46480 30456 3453 0 1610 600 0
46472 30473 3459 0 1610 600 0
46465 30487 3467 0 1590 590 0
46457 30499 3472 0 1590 590 0
46451 30508 3479 0 1590 590 0
46447 30515 3485 0 1590 590 0
46445 30519 3492 0 1590 590 0
46445 30521 3498 0 1590 590 0
46445 30523 3505 0 1570 590 0
46444 30523 3511 0 1570 590 0
46444 30525 3518 0 1570 590 0
46444 30530 3525 0 1570 590 0
46444 30535 3532 0 1570 590 0
46446 30542 3540 0 1570 590 0
46449 30550 3548 0 1570 590 0
46451 30558 3557 0 1570 590 0
46454 30564 3564 0 1570 590 0
46457 30571 3573 0 1570 590 0
46461 30579 3581 0 1570 590 0
46467 30583 3589 0 1570 590 0
46473 30590 3597 0 1590 590 0
46477 30594 3605 0 1590 590 0
46479 30598 3612 0 1590 590 0
46481 30601 3619 0 1590 590 0
46482 30601 3626 0 1590 590 0
46486 30602 3633 0 1590 590 0
46494 30603 3640 0 1590 590 0
46503 30597 3648 0 1590 590 0
46513 30585 3653 0 1590 590 0
46523 30575 3660 0 1580 600 9
46482 30638 3783 1 1580 600 43
46515 30612 3808 1 1600 600 63
46538 30589 3823 1 1600 600 65
46566 30563 3839 1 1600 600 76
46595 30536 3844 1 1600 600 93
46629 30499 3844 1 1600 600 99
46671 30455 3845 1 1600 600 119
46703 30415 3847 1 1600 600 129
46731 30375 3854 1 1600 600 132
46763 30332 3855 1 1600 600 152
46801 30291 3857 1 1600 600 160
46844 30248 3872 1 1590 610 169
46896 30202 3887 1 1590 610 174
46954 30154 3905 1 1590 610 174
47013 30106 3925 1 1590 610 182
47074 30057 3947 1 1590 610 190
47138 30007 3967 1 1590 610 186
47204 29957 3988 1 1590 610 195
47274 29903 4008 1 1580 620 190
47340 29853 4028 1 1580 620 186
47403 29805 4040 1 1580 620 185
47463 29761 4046 1 1580 620 182
47510 29720 4060 1 1580 620 189
47554 29682 4073 1 1570 610 183
47596 29648 4087 1 1570 610 184
47637 29611 4099 1 1570 610 189
47684 29578 4113 1 1570 610 186
47737 29542 4126 1 1570 610 192
47788 29506 4140 1 1570 610 195
47830 29466 4145 1 1570 610 194
47871 29417 4151 1 1600 600 201
47913 29372 4156 1 1600 600 192
47960 29324 4161 1 1600 600 198
48005 29272 4166 1 1600 600 203
48052 29224 4171 1 1600 600 195
48098 29175 4176 1 1600 600 200
48138 29131 4182 1 1600 600 195
48172 29094 4187 1 1600 600 193
48201 29059 4194 1 1600 600 205
48227 29028 4200 1 1600 600 206
48249 28998 4206 1 1600 600 205
48268 28973 4212 1 1620 610 214
48284 28957 4219 1 1620 610 208
48292 28945 4225 1 1620 610 215
48296 28941 4232 1 1620 610 228
48298 28939 4238 1 1620 610 247
48298 28938 4245 1 1620 610 265
48298 28939 4252 1 1620 610 271
48298 28939 4259 1 1620 610 276
48298 28939 4265 1 1620 610 286
48298 28939 4272 1 1620 610 285
48298 28939 4278 1 1620 610 286
48297 28939 4285 1 1620 610 286
48297 28940 4291 1 1620 610 282
48297 28940 4299 1 1620 610 285
48297 28940 4306 1 1620 610 282
48297 28940 4312 1 1620 610 280
48297 28940 4319 1 1620 610 284
48297 28941 4325 1 1620 610 280
48297 28941 4332 1 1620 610 281
48297 28941 4339 1 1620 610 281
48297 28941 4346 1 1620 610 274
48297 28941 4352 1 1620 610 274
48298 28941 4359 1 1620 610 269
48299 28941 4365 1 1620 610 264
48303 28942 4372 1 1620 610 266
48307 28942 4378 1 1620 610 263
48316 28941 4384 1 1620 610 268
48336 28941 4389 1 1620 610 270
48367 28950 4393 1 1620 610 271
48410 28962 4395 1 1620 610 270
48463 28977 4397 1 1620 610 270
48519 28992 4398 1 1620 610 269
48578 29007 4399 1 1620 610 280
48642 29020 4400 1 1620 610 274
48709 29031 4405 1 1630 610 281
48782 29043 4408 1 1630 610 285
48862 29053 4413 1 1630 610 284
48941 29062 4417 1 1630 610 289
49026 29071 4421 1 1630 610 283
49118 29081 4424 1 1630 610 283
49205 29090 4428 1 1650 610 289
49293 29103 4431 1 1660 600 280
49377 29116 4435 1 1660 600 283
49453 29132 4438 1 1660 600 285
49520 29146 4443 1 1660 600 287
49588 29161 4448 1 1660 600 297
49652 29175 4452 1 1660 600 292
49711 29187 4458 1 1680 600 293
49770 29203 4464 1 1680 600 296
49826 29220 4473 1 1680 600 286
49877 29238 4480 1 1680 590 297
49929 29255 4488 1 1680 590 300
49984 29269 4492 1 1680 590 295
50034 29281 4495 1 1700 600 303
50086 29292 4502 1 1700 600 301
50140 29303 4504 1 1700 600 302
50191 29314 4511 1 1700 600 305
50235 29323 4513 1 1700 600 310
50277 29333 4520 1 1700 600 318
50317 29340 4526 1 1710 600 324
50351 29346 4528 1 1710 600 328
50386 29353 4536 1 1710 600 341
50414 29359 4538 1 1710 600 347
50433 29363 4544 1 1710 600 351
50445 29367 4549 1 1710 600 357
50455 29373 4552 1 1710 600 360
50464 29377 4556 1 1730 600 371
50476 29383 4560 1 1730 600 366
50488 29389 4561 1 1730 590 360
50498 29394 4568 1 1730 590 360
50504 29396 4569 1 1730 590 339
50505 29398 4577 1 1730 590 305
50505 29398 4585 1 1730 590 245
50505 29398 4592 1 1730 590 134
50504 29398 4600 1 1730 590 0
50445 29404 4607 0 1730 590 0
50454 29422 4613 0 1750 590 0
50467 29454 4615 0 1750 590 0
50487 29499 4619 0 1750 590 0
50517 29555 4622 0 1770 590 0
50564 29611 4626 0 1770 580 0
50627 29668 4630 0 1780 570 0
50705 29729 4632 0 1780 570 0
50705 29729 4637 0 1780 570 0
50706 29731 4639 0 1780 570 0
50706 29731 4645 0 1680 550 0
50706 29731 4646 0 1700 560 0
50706 29732 4652 0 1700 560 0
50706 29732 4652 0 1700 560 0
50706 29732 4659 0 1700 560 0
50706 29732 4659 0 1710 560 0
50706 29733 4665 0 1710 560 0
50706 29733 4666 0 1710 560 0
50706 29733 4672 0 1730 560 0
50706 29733 4679 0 1730 560 0
50706 29734 4685 0 1740 560 0
50706 29734 4692 0 1740 560 0
50706 29734 4698 0 1760 560 0
50706 29734 4705 0 1770 550 0
50706 29734 4712 0 1770 550 0
50706 29735 4718 0 1790 550 0
50706 29735 4725 0 1800 550 0
50706 29735 4732 0 1800 550 0
50706 29735 4739 0 1800 550 0
50706 29735 4746 0 1810 540 0
50706 29736 4753 0 1810 540 0
50706 29736 4760 0 1830 540 0
50706 29736 4767 0 1830 540 0
50706 29736 4774 0 1840 530 0
50706 29736 4781 0 1840 530 0
50706 29737 4788 0 1850 530 0
50707 29737 4795 0 1850 530 0
50707 29737 4802 0 1850 530 0
50707 29737 4809 0 1870 530 0
50706 29737 4816 0 1870 530 0
50706 29737 4823 0 1860 520 0
50706 29738 4830 0 1860 520 0
50706 29738 4837 0 1860 520 0
50706 29738 4844 0 1860 520 0
50706 29738 4851 0 1880 520 0
50706 29739 4858 0 1880 520 0
50706 29739 4865 0 1880 520 0
50706 29739 4872 0 1880 520 0
50706 29739 4879 0 1880 520 0
50706 29739 4886 0 1880 520 0
50706 29740 4892 0 1880 520 0
50706 29740 4899 0 1880 520 0
50705 29740 4906 0 1880 520 0
50705 29740 4913 0 1880 520 0
50705 29741 4920 0 1880 520 0
50705 29741 4927 0 1880 520 0
50705 29741 4934 0 1880 520 0
50705 29741 4941 0 1880 520 0
50705 29741 4948 0 1880 520 0
50705 29742 4955 0 1880 520 0
50705 29742 4962 0 1890 520 0
50705 29742 4969 0 1890 520 0
50705 29742 4976 0 1890 520 0
50705 29742 4983 0 1890 520 0
50705 29743 4990 0 1890 520 0
50704 29743 4997 0 1890 520 0
50704 29743 5004 0 1890 520 0
50704 29743 5011 0 1900 520 0
50704 29744 5018 0 1900 520 0
50704 29744 5025 0 1900 520 0
50704 29744 5032 0 1900 520 0
50704 29744 5039 0 1900 520 0
50704 29744 5046 0 1900 520 0
50704 29745 5053 0 1900 520 0
50704 29745 5060 0 1900 520 0
50704 29745 5067 0 1900 520 0
50704 29745 5074 0 1910 510 0
50704 29745 5081 0 1910 510 0
50703 29746 5088 0 1910 510 0
50703 29746 5095 0 1910 510 0
50703 29746 5102 0 1910 510 0
50703 29746 5110 0 1910 510 0
50703 29747 5117 0 1910 510 0
50703 29747 5124 0 1910 510 0
50703 29747 5131 0 1920 520 0
50703 29747 5137 0 1920 520 0
50703 29748 5145 0 1920 520 0
50703 29748 5152 0 1920 520 0
50703 29748 5159 0 1920 520 0
50703 29748 5166 0 1920 520 0
50703 29749 5173 0 1920 520 0
50703 29749 5180 0 1920 520 0
50703 29749 5187 0 1920 520 0
50703 29749 5194 0 1920 520 0
50702 29750 5201 0 1920 520 0
50702 29750 5208 0 1920 520 0
50702 29750 5215 0 1920 520 0
50702 29751 5222 0 1920 520 0
50702 29751 5229 0 1930 520 0
50702 29751 5236 0 1930 520 0
50702 29751 5243 0 1930 520 0
50702 29752 5250 0 1930 520 0
50702 29752 5257 0 1930 520 0
50702 29752 5264 0 1930 520 0
50702 29752 5271 0 1940 520 0
50702 29753 5278 0 1940 520 0
50702 29753 5285 0 1940 520 0
50702 29753 5292 0 1940 520 0
50702 29753 5299 0 1940 520 0
50702 29754 5306 0 1940 520 0
50701 29754 5313 0 1940 520 0
50701 29754 5321 0 1940 520 0
50701 29754 5328 0 1940 520 0
50701 29755 5335 0 1940 520 0
50701 29755 5342 0 1940 520 0
50701 29755 5349 0 1940 520 0
50701 29756 5356 0 1940 520 0
50701 29756 5363 0 1940 520 0
50701 29756 5370 0 1940 520 0
50701 29756 5377 0 1940 520 0
50701 29757 5384 0 1940 520 0
50701 29757 5392 0 1940 520 0
50701 29757 5399 0 1940 520 0
50701 29757 5406 0 1940 520 0
50701 29758 5414 0 1940 520 0
50701 29758 5422 0 1940 520 0
50700 29758 5429 0 1940 520 0
50700 29759 5437 0 1940 520 0
50700 29759 5445 0 1940 520 0
50700 29759 5452 0 1940 520 0
50700 29759 5452 0 1930 520 0
50519 29795 5464 0 1930 520 0
50329 29825 5508 0 1930 520 0
50122 29863 5542 0 1930 520 0
49910 29901 5582 0 1930 520 0
49700 29935 5624 0 1930 520 0
49492 29966 5640 0 1930 520 0
49284 29997 5643 0 1930 520 0
49283 29999 5651 0 1940 530 0
49283 30002 5651 0 1940 530 21
49282 30013 5659 0 1940 530 35
49281 30032 5667 0 1940 530 52
49281 30064 5674 0 1940 530 64
49280 30068 5682 0 1940 530 71
49281 30112 5689 0 1940 530 84
49281 30159 5694 0 1940 530 92
49282 30204 5701 0 1940 530 101
49282 30230 5707 0 1940 530 121
49282 30230 5715 0 1940 530 127
49302 30230 5723 0 1940 530 137
49331 30230 5731 0 1940 530 133
49367 30237 5739 0 1940 530 141
49408 30253 5747 0 1940 530 150
49446 30269 5755 0 1940 530 148
49467 30281 5763 0 1950 530 152
49467 30292 5769 0 1950 530 167
49469 30305 5777 0 1950 530 167
49473 30314 5784 0 1950 530 179
49476 30322 5792 0 1960 540 175
49486 30332 5800 0 1970 540 179
49494 30343 5807 0 1970 540 190
49498 30354 5815 0 1970 540 190
49499 30365 5822 0 1980 540 196
49499 30375 5829 0 1980 540 203
49499 30392 5836 0 1990 550 214
49499 30403 5844 0 1990 550 216
49499 30413 5850 0 1990 550 218
49499 30421 5858 0 2000 540 212
49499 30429 5865 0 2000 540 216
49499 30436 5873 0 2000 540 211
49499 30442 5880 0 2000 540 221
49499 30446 5888 0 2000 540 221
49498 30449 5896 0 2000 540 216
49498 30451 5904 0 2000 540 221
49498 30451 5911 0 2000 540 216
49498 30451 5919 0 2020 540 216
49498 30452 5927 0 2010 530 222
49498 30452 5935 0 2010 530 212
49499 30452 5942 0 2010 530 222
49505 30452 5951 0 2010 530 223
49509 30452 5958 0 2010 530 221
49518 30452 5967 0 2010 530 229
49534 30452 5974 0 2010 530 232
49555 30452 5983 0 2020 530 223
49581 30453 5991 0 2020 530 234
49600 30453 6000 0 2020 530 222
49618 30453 6007 0 2020 530 228
49635 30457 6016 0 2020 530 227
49653 30463 6023 0 2030 540 228
49666 30468 6032 0 2040 530 232
49671 30474 6040 0 2040 530 229
49675 30477 6047 0 2040 530 228
49682 30480 6056 0 2040 530 244
49687 30481 6063 0 2040 530 242
49688 30481 6071 0 2040 530 238
49688 30482 6079 0 2040 530 240
49687 30482 6087 0 2060 530 242
49687 30482 6094 0 2060 530 250
49682 30482 6103 0 2060 530 248
49668 30482 6110 0 2060 530 247
49651 30482 6118 0 2060 530 256
49636 30482 6125 0 2070 530 258
49621 30482 6133 0 2070 530 267
49607 30479 6140 0 2070 530 272
49593 30477 6148 0 2070 530 275
49580 30476 6156 0 2070 530 288
49566 30475 6164 0 2070 530 291
49554 30475 6171 0 2070 530 296
49545 30475 6179 0 2070 530 307
49544 30475 6186 0 2060 520 306
49542 30474 6195 0 2060 520 311
49542 30473 6202 0 2060 520 308
49542 30470 6211 0 2060 520 304
49542 30463 6218 0 2060 520 308
49552 30458 6227 0 2060 520 304
49562 30454 6235 0 2060 520 301
49569 30450 6244 0 2060 520 305
49577 30449 6251 0 2060 520 300
49585 30448 6260 0 2060 520 305
49593 30448 6268 0 2060 520 303
49603 30448 6276 0 2060 520 299
49612 30448 6285 0 2060 520 302
49621 30448 6292 0 2060 520 296
49631 30446 6301 0 2060 520 292
49637 30443 6309 0 2060 520 292
49641 30441 6317 0 2060 520 280
49642 30439 6325 0 2060 520 279
49642 30439 6333 0 2060 520 270
49642 30439 6341 0 2060 520 262
49642 30439 6349 0 2060 520 266
49638 30447 6356 0 2070 530 268
49627 30457 6364 0 2070 530 275
49618 30467 6370 0 2070 530 270
49610 30477 6378 0 2070 530 262
49603 30485 6385 0 2070 530 273
49600 30492 6393 0 2070 530 278
49594 30499 6400 0 2070 530 261
49589 30505 6408 0 2070 530 258
49582 30512 6415 0 2070 530 261
49573 30520 6423 0 2070 530 265
49560 30527 6429 0 2070 530 271
49550 30532 6437 0 2070 530 268
49538 30537 6444 0 2070 530 276
49528 30542 6452 0 2060 530 268
49524 30546 6459 0 2060 530 273
49521 30551 6468 0 2060 530 275
49521 30554 6475 0 2060 530 271
49521 30557 6483 0 2060 530 273
49521 30559 6490 0 2060 530 280
49521 30560 6499 0 2070 540 285
49520 30563 6506 0 2070 540 280
49515 30567 6514 0 2070 540 277
49506 30571 6522 0 2070 540 278
49495 30577 6529 0 2070 540 283
49483 30582 6537 0 2070 540 282
49470 30587 6544 0 2070 540 275
49453 30592 6552 0 2070 550 280
49438 30599 6558 0 2060 550 281
49422 30604 6566 0 2060 550 284
49407 30609 6573 0 2060 550 288
49396 30610 6581 0 2060 550 277
49383 30610 6588 0 2060 550 292
49374 30610 6597 0 2060 550 278
49365 30610 6604 0 2060 550 280
49361 30610 6612 0 2060 550 280
49358 30610 6620 0 2060 550 282
49357 30610 6628 0 2060 550 287
49352 30631 6719 1 2060 550 284
49352 30629 6728 1 2060 550 281
49353 30624 6736 1 2050 550 283
49358 30618 6745 1 2040 550 283
49373 30612 6752 1 2040 550 284
49389 30605 6761 1 2040 550 282
49407 30597 6768 1 2040 550 279
49428 30588 6777 1 2040 550 288
49454 30578 6784 1 2040 550 281
49486 30565 6792 1 2040 550 274
49524 30552 6798 1 2040 550 290
49566 30537 6806 1 2030 540 289
49608 30520 6812 1 2040 550 291
49652 30503 6820 1 2040 550 293
49699 30483 6826 1 2020 550 277
49749 30460 6835 1 2020 550 292
49801 30434 6842 1 2020 550 289
49856 30404 6850 1 2020 550 290
49916 30371 6851 1 2020 550 304
49981 30334 6852 1 2020 550 304
50056 30289 6857 1 2010 550 303
50132 30241 6863 1 2020 560 308
50208 30191 6872 1 2020 560 311
50285 30141 6883 1 2020 560 327
50361 30090 6894 1 2020 560 326
50433 30036 6895 1 2020 560 320
50511 29984 6895 1 2020 560 333
50589 29930 6899 1 2020 560 327
50665 29876 6899 1 2000 560 331
50736 29820 6904 1 2000 560 332
50804 29766 6905 1 2000 560 324
50867 29710 6905 1 2000 560 329
50928 29653 6911 1 2000 560 321
50985 29599 6915 1 2000 560 300
51058 29543 6919 1 2000 560 265
51128 29495 6920 1 2000 560 164
51193 29449 6925 1 2000 560 33
51254 29401 6927 1 2000 560 0
51306 29365 6927 1 2000 560 0
51357 29327 6931 1 2000 560 0
51406 29285 6933 1 2000 560 0
51465 29240 6934 1 2020 560 0
51527 29190 6937 1 2020 560 0
51589 29135 6938 1 2020 550 0
51645 29082 6940 1 2030 540 0
51698 29031 6941 1 2030 540 0
51748 28975 6942 1 1940 480 0
51791 28922 6948 1 1930 480 0
51827 28872 6955 1 1930 480 0
51851 28832 6955 1 1930 480 0
51870 28802 6957 1 1930 480 0
51888 28778 6958 1 1930 480 0
51903 28755 6961 1 1930 480 0
51918 28734 6962 1 1910 470 0
51932 28713 6969 1 1910 470 0
51945 28693 6969 1 1910 460 0
51956 28678 6971 1 1900 470 0
51965 28663 6971 1 1890 460 0
51971 28652 6973 1 1880 450 0
51975 28643 6977 1 1880 450 0
51977 28640 6984 1 1870 450 0
51978 28638 6986 1 1860 450 0
51979 28637 6986 1 1860 460 0
51979 28637 6987 1 1850 460 0
51979 28637 6991 1 1850 470 0
51978 28638 6992 1 1840 480 0
51978 28638 6997 1 1840 480 0
51978 28638 6998 1 1850 490 0
51978 28638 6999 1 1850 500 0
51978 28638 7006 1 1850 510 0
51978 28638 7006 1 1850 520 0
51978 28638 7009 1 1850 530 0
51978 28638 7009 1 1850 540 0
51978 28638 7013 1 1860 550 0
51978 28638 7015 1 1860 560 0
51978 28638 7019 1 1860 560 0
51977 28639 7021 1 1860 570 0
51977 28639 7023 1 1860 570 0
51977 28639 7027 1 1860 560 0
51977 28639 7035 1 1860 560 0
51977 28639 7042 1 1870 560 0
51977 28639 7050 1 1870 560 0
51977 28639 7057 1 1870 550 0
51977 28639 7064 1 1870 550 0
51977 28639 7071 1 1870 550 0
51977 28639 7079 1 1870 540 0
51977 28639 7086 1 1870 540 0
51977 28640 7093 1 1870 540 0
51976 28640 7102 1 1870 540 0
51974 28640 7110 1 1880 530 0
51970 28637 7121 1 1880 530 0
51963 28628 7130 1 1880 530 0
51957 28617 7139 1 1890 530 0
51950 28604 7146 1 1890 530 0
51942 28590 7154 1 1890 530 0
51934 28575 7162 1 1890 520 0
51925 28560 7170 1 1890 520 0
51916 28544 7178 1 1890 520 0
51906 28527 7187 1 1890 520 0
51895 28511 7195 1 1900 520 0
51884 28492 7203 1 1900 520 0
51872 28470 7209 1 1900 520 0
51862 28447 7215 1 1900 520 0
51850 28422 7222 1 1900 520 0
51836 28395 7232 1 1900 520 0
51823 28369 7246 1 1900 520 0
51810 28336 7279 1 1910 530 0
51799 28301 7292 1 1910 530 0
51788 28266 7314 1 1910 530 0
51775 28228 7354 1 1910 530 0
51761 28194 7396 1 1910 530 0
51745 28163 7435 1 1910 530 0
51729 28133 7467 1 1920 520 0
51713 28103 7497 1 1920 530 0
51695 28072 7497 1 1920 530 0
51677 28043 7525 1 1920 530 0
51662 28013 7557 1 1920 530 0
51647 27984 7586 1 1920 530 0
51631 27957 7611 1 1940 530 0
51612 27930 7633 1 1940 530 0
51593 27902 7656 1 1940 530 0
51573 27874 7679 1 1940 530 5
51554 27846 7684 1 1940 530 27
51534 27819 7700 1 1920 530 42
51515 27792 7723 1 1920 530 50
51496 27769 7723 1 1920 530 54
51475 27740 7724 1 1920 530 69
51455 27711 7724 1 1920 530 79
51432 27682 7726 1 1940 530 94
51407 27652 7726 1 1940 530 103
51378 27622 7728 1 1940 530 114
51347 27593 7729 1 1920 530 127
51318 27565 7735 1 1930 540 134
51287 27538 7735 1 1930 540 130
51256 27511 7741 1 1930 540 134
51226 27487 7741 1 1930 540 140
51197 27463 7746 1 1930 540 150
51166 27442 7749 1 1930 540 146
51134 27421 7749 1 1930 550 152
51099 27398 7757 1 1930 550 150
51060 27363 7765 1 1930 550 159
51024 27301 7766 1 1920 550 156
50991 27245 7771 1 1920 550 157
50961 27196 7774 1 1920 550 161
50933 27152 7782 1 1920 550 159
50903 27107 7786 1 1900 560 158
50872 27063 7791 1 1900 560 174
50840 27021 7805 1 1900 560 160
50810 26983 7809 1 1900 550 170
50779 26944 7818 1 1890 550 172
50751 26913 7824 1 1890 550 160
50727 26886 7831 1 1890 550 176
50703 26862 7841 1 1890 550 167
50684 26844 7844 1 1890 550 171
50667 26828 7854 1 1890 550 173
50652 26814 7859 1 1890 550 177
50637 26802 7859 1 1870 550 184
50625 26792 7871 1 1870 550 180
50616 26785 7874 1 1870 550 181
50608 26781 7879 1 1870 550 193
50603 26778 7881 1 1870 550 192
50600 26776 7888 1 1870 550 195
50596 26776 7893 1 1870 560 194
50592 26775 7897 1 1870 560 190
50584 26774 7906 1 1870 560 200
51002 26572 7907 0 1870 560 221
51001 26635 7914 0 1860 560 214
50996 26720 7915 0 1860 560 216
50998 26856 7918 0 1860 560 215
50990 27033 7987 0 1860 570 225
51008 27132 8042 0 1860 570 232
50977 27245 8050 0 1860 570 237
50945 27366 8060 0 1860 570 251
50945 27366 8081 0 1860 570 257
50261 28510 8113 0 1860 570 261
50249 28529 8113 0 1860 570 271
50236 28554 8118 0 1860 570 271
50222 28580 8118 0 1860 570 277
50166 28680 8122 0 1860 570 280
50061 28856 8122 0 1860 570 283
49985 28993 8124 0 1860 570 292
49903 29130 8135 0 1860 570 292
49819 29264 8141 0 1860 570 291
49739 29386 8151 0 1860 570 293
49666 29495 8162 0 1860 570 285
49586 29598 8174 0 1860 570 290
49507 29694 8185 0 1860 570 290
49437 29780 8192 0 1860 570 288
49379 29856 8193 0 1860 570 297
49332 29922 8195 0 1860 570 303
49302 29974 8199 0 1860 570 297
49297 30013 8205 0 1860 570 296
49295 30039 8211 0 1860 570 291
49295 30048 8219 0 1850 570 298
49289 30079 8225 0 1850 580 290
49289 30095 8235 0 1850 580 291
49290 30115 8244 0 1850 580 296
49290 30131 8253 0 1860 580 293
49290 30137 8262 0 1860 580 288
49290 30142 8269 0 1860 580 282
49290 30148 8278 0 1860 580 290
49293 30167 8286 0 1860 580 291
49296 30182 8295 0 1860 580 293
49299 30189 8303 0 1860 580 287
49305 30211 8312 0 1860 580 292
49310 30236 8320 0 1860 580 282
49320 30262 8328 0 1870 590 281
49324 30293 8335 0 1870 590 286
49326 30327 8344 0 1870 590 281
49326 30364 8349 0 1870 590 286
49326 30401 8353 0 1870 590 286
49327 30433 8356 0 1870 590 278
49327 30460 8360 0 1870 590 294
49324 30479 8365 0 1870 590 286
49324 30492 8371 0 1870 590 289
49324 30500 8377 0 1870 590 296
49324 30507 8385 0 1870 590 293
49324 30514 8391 0 1870 590 297
49324 30522 8398 0 1870 590 294
49324 30529 8405 0 1870 590 294
49324 30535 8412 0 1870 590 306
49324 30540 8419 0 1870 590 291
49325 30545 8427 0 1870 590 295
49326 30551 8433 0 1860 580 295
49327 30555 8441 0 1860 580 293
49327 30558 8448 0 1860 580 296
49326 30560 8457 0 1860 580 296
49326 30561 8464 0 1860 580 289
49326 30564 8472 0 1860 580 297
49326 30569 8480 0 1860 580 297
49329 30575 8486 0 1860 570 299
49333 30582 8493 0 1860 580 297
49341 30587 8499 0 1860 580 298
49351 30589 8507 0 1860 580 302
49363 30592 8513 0 1860 580 296
49375 30595 8520 0 1860 580 298
49384 30599 8526 0 1860 580 311
49387 30606 8533 0 1860 580 299
49388 30614 8539 0 1860 580 300
49388 30624 8546 0 1860 580 306
49388 30633 8552 0 1870 590 305
49388 30638 8560 0 1870 590 312
49388 30638 8567 0 1870 590 312
49388 30638 8576 0 1870 590 308
49387 30638 8583 0 1870 590 316
49387 30638 8592 0 1870 590 316
49389 30634 8600 0 1870 590 325
49390 30631 8609 0 1870 590 331
49390 30627 8617 0 1870 590 332
49390 30621 8627 0 1870 590 345
49421 30614 8650 1 1870 590 345
49385 30610 8701 0 1870 590 342
49414 30594 8708 1 1870 590 350
49400 30578 8712 1 1870 590 345
49382 30557 8717 1 1870 590 346
49362 30533 8721 1 1870 590 345
49336 30503 8725 1 1870 590 341
49308 30467 8728 1 1870 590 346
49275 30428 8738 1 1870 590 343
49241 30383 8747 1 1870 590 341
49199 30333 8757 1 1870 590 348
49159 30283 8768 1 1870 590 342
49118 30230 8779 1 1870 590 342
49075 30177 8790 1 1870 590 341
49033 30124 8802 1 1870 590 338
48989 30071 8813 1 1870 590 338
48945 30018 8825 1 1870 590 335
48899 29967 8833 1 1870 590 323
48854 29916 8840 1 1870 590 334
48809 29867 8846 1 1870 590 328
48764 29817 8853 1 1870 590 334
48718 29769 8859 1 1870 590 327
48673 29723 8866 1 1870 590 332
48627 29680 8873 1 1870 590 328
48578 29641 8878 1 1870 590 325
48534 29604 8885 1 1870 590 328
48479 29562 8886 1 1870 590 335
48425 29517 8887 1 1870 590 324
48374 29471 8894 1 1870 590 328
48325 29422 8901 1 1870 590 328
48278 29375 8907 1 1880 590 326
48232 29330 8914 1 1880 590 332
48185 29283 8920 1 1880 590 339
48138 29237 8928 1 1880 590 328
48093 29191 8936 1 1880 590 345
48045 29142 8945 1 1880 590 342
47998 29094 8953 1 1880 580 345
47953 29045 8959 1 1900 580 345
47910 28997 8963 1 1900 580 347
47866 28951 8963 1 1900 580 345
47826 28907 8963 1 1900 580 331
47785 28866 8964 1 1910 580 338
47747 28828 8964 1 1910 580 340
47712 28795 8965 1 1910 580 334
47683 28766 8966 1 1910 580 333
47659 28743 8970 1 1910 580 326
47639 28725 8973 1 1930 570 326
47621 28712 8976 1 1930 570 341
47612 28705 8980 1 1930 570 341
47609 28701 8987 1 1930 570 336
47608 28699 8993 1 1930 570 338
47609 28698 9001 1 1930 570 334
47609 28697 9008 1 1930 570 338
47610 28698 9015 1 1930 570 330
47610 28698 9023 1 1940 570 322
47610 28699 9030 1 1940 570 344
47611 28699 9037 1 1940 570 333
47611 28700 9044 1 1940 570 345
47612 28699 9051 1 1940 570 350
47612 28700 9058 1 1940 570 343
47613 28700 9066 1 1960 570 352
47613 28700 9072 1 1960 580 351
47614 28701 9080 1 1960 580 350
47614 28701 9087 1 1960 580 362
47615 28702 9094 1 1960 580 362
47615 28702 9101 1 1960 580 361
47616 28701 9108 1 1960 580 357
47616 28699 9115 1 1960 580 361
47620 28693 9124 1 1980 580 369
47628 28686 9134 1 1980 580 374
47642 28678 9146 1 1980 580 376
47655 28668 9157 1 1980 580 390
47668 28656 9168 1 1980 580 389
47684 28639 9178 1 1980 580 390
47698 28616 9190 1 1980 580 395
47714 28589 9201 1 1980 580 392
47729 28558 9213 1 1980 580 401
47741 28526 9224 1 1980 580 393
47753 28493 9229 1 1980 580 379
47767 28457 9236 1 1980 580 373
47784 28420 9248 1 1980 580 339
47811 28377 9251 1 1980 580 288
47831 28326 9261 1 1980 580 195
47850 28273 9268 1 1980 580 63
47868 28220 9270 1 1980 580 0
47881 28169 9271 1 1980 580 0
47895 28122 9272 1 1980 580 0
47912 28078 9272 1 1990 570 0
47934 28017 9273 1 1990 570 0
47955 27959 9275 1 1990 570 0
47973 27903 9275 1 1990 570 0
47990 27844 9276 1 1990 570 0
48007 27794 9277 1 1880 400 0
48028 27745 9280 1 1880 400 0
48050 27699 9283 1 1880 410 0
48075 27654 9289 1 1880 410 0
48107 27605 9299 1 1880 410 0
48135 27561 9299 1 1880 410 0
48162 27514 9306 1 1880 410 0
48190 27470 9309 1 1880 410 0
48218 27426 9311 1 1870 420 0
48247 27384 9323 1 1870 420 0
48270 27294 9328 1 1870 420 0
48295 27208 9342 1 1870 430 0
48320 27128 9345 1 1870 430 0
48347 27050 9353 1 1870 430 0
48376 26981 9368 1 1870 440 0
48399 26922 9376 1 1870 440 0
48420 26866 9376 1 1870 450 0
48444 26817 9379 1 1870 450 0
48464 26777 9380 1 1870 450 0
48483 26744 9414 1 1870 460 0
48506 26717 9450 1 1870 460 0
48529 26694 9456 1 1880 470 0
48554 26672 9489 1 1880 470 0
48576 26655 9489 1 1880 470 0
48597 26640 9490 1 1880 480 0
48614 26630 9492 1 1880 480 0
48629 26621 9493 1 1880 480 0
48642 26613 9495 1 1880 480 0
48653 26606 9496 1 1880 490 0
48663 26600 9498 1 1880 490 0
48671 26595 9500 1 1880 490 0
48677 26592 9501 1 1880 500 0
48679 26591 9503 1 1880 500 0
48682 26591 9506 1 1880 500 0
48683 26591 9507 1 1880 500 0
48683 26591 9509 1 1890 510 0
48684 26592 9511 1 1890 510 0
48685 26592 9514 1 1890 510 0
48686 26592 9516 1 1890 510 0
48686 26592 9517 1 1890 510 0
48687 26592 9521 1 1890 510 0
48687 26593 9526 1 1890 510 0
48688 26593 9527 1 1890 520 0
48689 26593 9528 1 1890 520 0
48690 26593 9533 1 1890 520 0
48692 26593 9538 1 1890 520 0
48693 26593 9539 1 1890 520 0
48695 26594 9541 1 1890 520 0
48696 26594 9543 1 1890 520 0
48699 26594 9545 1 1890 520 0
48702 26594 9550 1 1890 520 0
48710 26594 9551 1 1890 520 0
48722 26594 9557 1 1890 520 0
48737 26594 9563 1 1890 520 0
48758 26594 9570 1 1890 520 0
48780 26594 9575 1 1890 530 0
48804 26593 9582 1 1890 530 0
48831 26593 9588 1 1890 530 0
48855 26593 9595 1 1890 530 0
48881 26593 9602 1 1890 530 0
48911 26593 9611 1 1890 530 0
48941 26593 9620 1 1890 530 0
48972 26593 9631 1 1890 530 0
49012 26594 9643 1 1890 530 0
49054 26595 9654 1 1890 530 0
49098 26596 9666 1 1890 530 0
49149 26596 9683 1 1890 530 0
49204 26597 9703 1 1890 530 0
49273 26598 9717 1 1890 530 0
49347 26599 9731 1 1890 530 0
49403 26604 9759 1 1890 530 0
49456 26609 9762 1 1890 530 0
49507 26614 9763 1 1890 530 0
49551 26618 9768 1 1890 530 0
49595 26623 9770 1 1890 530 0
49637 26629 9777 1 1890 530 0
49677 26634 9778 1 1890 530 0
49719 26641 9778 1 1890 530 1
49757 26647 9780 1 1890 530 22
49795 26653 9783 1 1890 520 36
49834 26660 9784 1 1890 520 48
49874 26668 9786 1 1890 520 66
49913 26675 9786 1 1890 520 92
49946 26684 9788 1 1890 520 101
49973 26693 9794 1 1890 520 119
49999 26702 9802 1 1890 520 133
50028 26711 9807 1 1890 530 143
50059 26721 9814 1 1890 530 150
50092 26734 9814 1 1890 530 160
50120 26747 9827 1 1890 530 159
50147 26760 9831 1 1890 530 165
50173 26773 9836 1 1890 530 171
50198 26785 9840 1 1890 530 171
50235 26796 9852 1 1890 530 173
50269 26806 9853 1 1890 530 181
50307 26816 9855 1 1890 530 185
50349 26825 9857 1 1890 530 193
50390 26835 9867 1 1890 530 202
50425 26842 9886 1 1890 530 203
50454 26848 9899 1 1890 530 215
50481 26853 9914 1 1890 530 222
50502 26858 9925 1 1890 530 219
50525 26862 9936 1 1890 530 226
50551 26868 9944 1 1890 530 226
50574 26874 9951 1 1890 530 225
50598 26880 9970 1 1890 530 228
50616 26885 9985 1 1890 530 224
50630 26889 9995 1 1910 530 226
50640 26891 10018 1 1910 530 223
50650 26894 10035 1 1910 530 222
50658 26898 10048 1 1910 530 228
50665 26900 10062 1 1910 530 230
50671 26903 10074 1 1920 520 235
50677 26905 10086 1 1920 520 234
50681 26907 10099 1 1920 520 232
50683 26908 10099 1 1920 520 247
50684 26909 10113 1 1920 520 243
50684 26910 10126 1 1920 520 243
50685 26910 10139 1 1920 520 254
50685 26911 10151 1 1920 520 248
50685 26911 10162 1 1920 520 252
50685 26911 10173 1 1930 520 255
50858 26646 10184 0 1930 520 256
50886 26662 10194 0 1930 520 265
50914 26693 10205 0 1930 520 266
50957 26741 10208 0 1930 520 266
51003 26805 10214 0 1930 520 278
51061 26889 10224 0 1930 520 275
51060 26890 10232 0 1940 520 280
51054 26892 10241 0 1940 520 291
51025 27042 10249 0 1940 520 293
51020 27141 10257 0 1940 520 296
51001 27242 10266 0 1940 520 306
50967 27338 10273 0 1960 520 299
50937 27438 10281 0 1960 520 305
50904 27543 10313 0 1960 520 295
50832 27682 10355 0 1960 520 296
50736 27851 10359 0 1970 520 272
50642 28024 10360 0 1970 520 249
50558 28211 10362 0 1970 520 188
50503 28377 10362 0 1970 520 111
50444 28532 10362 0 1980 530 22
50375 28682 10362 0 1980 530 0
50313 28819 10368 0 1990 520 0
50246 28943 10371 0 1990 520 0
50181 29068 10374 0 1990 520 0
50113 29195 10379 0 1980 520 0
50042 29332 10385 0 1980 520 0
49969 29473 10389 0 1980 520 0
49895 29615 10391 0 1980 520 0
49817 29759 10391 0 1980 520 0
49733 29912 10396 0 1980 520 0
49649 30064 10403 0 1980 520 0
49568 30211 10403 0 1980 510 0
49493 30351 10408 0 1980 510 0
49415 30496 10413 0 1980 510 0
49336 30636 10415 0 1980 510 0
49257 30771 10417 0 1980 510 0
49182 30898 10419 0 1980 510 0
49106 31022 10423 0 1970 500 0
49021 31163 10423 0 1960 500 0
48932 31317 10430 0 1960 500 0
48844 31464 10432 0 1960 500 0
48766 31597 10436 0 1960 500 0
48689 31731 10441 0 1960 500 0
48613 31870 10444 0 1960 500 0
48541 31995 10449 0 1960 500 0
48466 32174 10450 0 1960 500 0
48413 32307 10454 0 1960 500 0
48363 32420 10456 0 1950 500 0
48308 32502 10458 0 1950 500 0
48305 32503 10463 0 1950 500 0
48302 32505 10463 0 1950 500 0
48290 32510 10469 0 1950 500 0
48272 32520 10470 0 1950 500 0
48275 32534 10474 0 1950 500 0
48273 32534 10474 0 1960 500 0
48268 32534 10475 0 1960 500 0
48265 32535 10480 0 1960 500 0
48252 32535 10482 0 1960 500 0
48247 32539 10483 0 1960 500 0
48236 32546 10485 0 1960 500 0
48236 32547 10486 0 1960 500 0
48236 32547 10486 0 1960 500 0
48236 32547 10486 0 1960 500 0
48237 32546 10488 0 1960 500 0
48242 32541 10488 0 1960 500 0
48244 32537 10488 0 1960 500 0
48248 32529 10489 0 1960 500 0
48248 32526 10489 0 1960 500 0
48247 32524 10489 0 1960 500 0
48247 32523 10489 0 1960 500 0
48241 32523 10490 0 1960 500 0
48224 32522 10490 0 1960 500 0
48207 32522 10493 0 1960 500 0
48196 32525 10504 0 1960 500 0
48186 32531 10506 0 1960 500 0
48174 32536 10510 0 1960 500 0
48164 32540 10514 0 1730 530 0
48154 32542 10529 0 1750 540 0
48144 32545 10550 0 1750 540 0
48137 32547 10566 0 1750 540 0
48132 32549 10584 0 1740 550 0
48130 32551 10601 0 1740 550 0
48129 32552 10617 0 1760 550 0
48130 32552 10631 0 1760 550 0
48130 32552 10646 0 1760 540 0
48130 32552 10659 0 1770 530 0
48134 32552 10675 0 1770 520 0
48139 32552 10689 0 1780 510 0
48142 32552 10705 0 1790 500 0
48145 32549 10716 0 1790 490 0
48147 32547 10729 0 1790 490 0
48151 32546 10741 0 1800 490 0
48157 32546 10758 0 1800 480 0
48163 32546 10772 0 1800 480 0
48169 32546 10788 0 1800 470 0
48174 32546 10803 0 1800 470 0
48175 32546 10818 0 1800 460 0
48175 32546 10832 0 1800 460 0
48175 32546 10843 0 1800 460 0
48176 32546 10843 0 1800 460 0
48176 32546 10844 0 1800 470 0
48176 32546 10846 0 1800 480 0
48176 32546 10847 0 1800 490 0
48175 32546 10849 0 1800 490 0
48173 32546 10852 0 1800 500 0
48171 32546 10855 0 1800 500 0
48168 32546 10860 0 1800 510 0
48161 32546 10861 0 1800 510 0
48152 32545 10864 0 1800 520 0
48140 32546 10872 0 1800 520 0
48125 32546 10873 0 1800 520 0
48110 32547 10875 0 1800 520 0
48092 32548 10883 0 1800 520 0
48074 32549 10888 0 1800 520 0
48053 32550 10889 0 1800 520 0
48032 32549 10903 0 1800 530 0
48010 32549 10903 0 1800 530 0
47991 32549 10905 0 1800 530 0
47972 32548 10917 0 1800 530 0
47955 32547 10924 0 1800 530 0
47942 32546 10930 0 1800 530 0
47932 32545 10943 0 1800 530 0
47926 32545 10944 0 1800 530 0
47926 32545 10956 0 1800 540 0
47926 32544 10959 0 1800 540 0
47926 32544 10966 0 1800 540 0
48005 32322 10969 1 1800 540 0
47927 32543 11154 0 1800 540 0
48006 32322 11161 1 1800 540 0
48009 32322 11163 1 1800 540 0
48020 32322 11180 1 1800 540 0
48039 32323 11182 1 1800 550 0
48064 32323 11207 1 1800 550 0
48093 32324 11208 1 1800 550 0
48129 32326 11239 1 1800 550 0
48168 32327 11259 1 1800 550 0
48210 32328 11300 1 1800 550 0
48256 32328 11314 1 1800 550 0
48300 32326 11321 1 1800 550 0
48341 32323 11327 1 1800 550 0
48387 32320 11332 1 1800 550 0
48435 32316 11333 1 1800 550 0
48481 32312 11338 1 1800 550 0
48525 32308 11344 1 1800 550 0
48568 32306 11352 1 1790 550 0
48608 32306 11361 1 1790 550 0
48648 32306 11370 1 1790 550 0
48686 32306 11380 1 1790 550 0
48721 32306 11389 1 1790 550 0
48754 32306 11392 1 1790 550 0
48787 32305 11398 1 1790 550 0
48824 32304 11403 1 1790 550 0
48864 32302 11409 1 1790 550 12
48905 32300 11414 1 1790 550 18
48945 32297 11419 1 1790 550 44
48983 32295 11419 1 1790 550 55
49017 32292 11424 1 1790 550 61
49047 32291 11430 1 1790 550 85
49077 32289 11435 1 1790 550 88
49104 32288 11440 1 1790 550 89
49132 32288 11443 1 1790 560 101
49162 32287 11445 1 1790 560 107
49195 32286 11452 1 1790 560 112
49227 32286 11461 1 1790 560 119
49261 32285 11467 1 1790 560 124
49294 32286 11477 1 1790 560 126
49332 32286 11487 1 1790 560 120
49371 32286 11491 1 1790 560 119
49416 32285 11497 1 1790 560 126
49461 32282 11506 1 1790 560 121
49503 32280 11515 1 1790 560 124
49545 32278 11524 1 1790 560 123
49583 32276 11534 1 1790 560 120
49615 32275 11542 1 1790 560 118
49647 32275 11552 1 1790 560 102
49680 32275 11561 1 1790 560 74
49713 32275 11567 1 1790 560 17
49749 32275 11571 1 1790 560 17
49789 32275 11579 1 1790 560 17
49826 32275 11589 1 1790 560 17
49867 32273 11597 1 1790 560 17
49910 32269 11607 1 1790 560 17
49955 32265 11616 1 1790 560 17
50002 32260 11625 1 1790 560 17
50044 32253 11630 1 1790 560 17
50080 32247 11633 1 1790 560 17
50112 32241 11641 1 1790 560 17
50139 32235 11649 1 1790 560 17
50160 32230 11658 1 1790 560 17
50178 32225 11666 1 1790 560 17
50190 32222 11675 1 1790 560 17
50196 32218 11684 1 1790 560 17
50017 32415 11694 0 1790 560 17
50031 32411 11702 0 1790 560 17
50035 32410 11703 0 1790 560 17
50034 32417 11712 0 1790 560 17
50039 32425 11721 0 1790 560 17
50047 32426 11736 0 1790 560 17
50062 32425 11739 0 1790 560 17
50077 32423 11744 0 1790 560 17
50097 32412 11750 0 1790 560 17
50115 32399 11753 0 1790 560 17
50124 32386 11757 0 1790 560 17
50127 32380 11760 0 1790 560 17
50137 32364 11764 0 1790 560 17
50138 32362 11768 0 1790 560 17
50136 32362 11772 0 1790 560 17
50121 32360 11776 0 1790 560 17
50104 32360 11781 0 1790 560 17
50085 32361 11785 0 1790 560 17
50065 32362 11812 0 1790 560 17
50048 32362 11820 0 1790 560 17
50028 32365 11827 0 1790 560 17
50006 32374 11835 0 1790 560 17
49991 32382 11844 0 1790 560 17
49977 32391 11850 0 1790 560 17
49966 32400 11858 0 1790 560 17
49959 32409 11864 0 1790 560 17
49954 32417 11872 0 1790 560 17
49950 32423 11878 0 1790 560 17
49947 32428 11886 0 1790 560 17
49946 32429 11892 0 1790 560 17
49945 32429 11895 0 1790 560 17
49947 32428 11907 0 1790 560 17
49952 32428 11916 0 1790 560 17
49957 32427 11928 0 1790 560 17
49962 32426 11930 0 1790 560 17
49966 32426 11936 0 1790 560 17
49970 32425 11944 0 1790 560 17
49974 32424 11953 0 1790 560 17
49977 32424 11962 0 1790 560 17
49975 32429 11967 0 1790 560 17
49972 32435 11970 0 1790 560 17
49968 32440 11979 0 1790 560 17
49965 32445 11987 0 1790 560 17
49963 32447 11987 0 1790 560 17
49961 32450 11995 0 1790 560 17
49959 32452 12002 0 1790 560 17
49956 32456 12008 0 1790 560 17
49953 32460 12013 0 1790 560 17
49949 32466 12015 0 1790 560 17
49944 32474 12021 0 1790 560 17
49937 32483 12028 0 1790 560 17
49930 32492 12034 0 1790 560 17
49919 32501 12042 0 1790 560 17
49906 32512 12044 0 1790 560 17
49905 32511 12049 0 1790 560 17
49904 32510 12053 0 1790 560 17
49856 32511 12056 0 1790 560 17
49808 32512 12063 0 1790 560 17
49757 32511 12070 0 1790 560 17
49707 32511 12076 0 1790 560 17
49657 32510 12082 0 1790 560 17
49606 32510 12083 0 1790 560 17
49556 32510 12086 0 1790 560 17
49506 32510 12090 0 1790 560 17
49455 32509 12097 0 1790 560 17
49405 32509 12103 0 1790 560 17
49354 32509 12110 0 1790 560 17
49303 32509 12116 0 1790 560 17
49251 32508 12119 0 1790 560 17
49200 32508 12123 0 1790 560 17
49148 32507 12123 0 1790 560 17
49096 32507 12129 0 1790 560 17
49045 32507 12136 0 1790 560 17
48993 32505 12142 0 1790 560 17
48935 32503 12149 0 1790 560 17
48876 32500 12155 0 1790 560 17
48818 32497 12155 0 1790 560 17
48760 32494 12157 0 1790 560 17
48700 32490 12162 0 1790 560 17
48643 32485 12168 0 1790 560 17
48586 32480 12175 0 1790 560 17
48532 32473 12182 0 1790 560 17
48478 32466 12190 0 1790 560 17
48424 32459 12190 0 1790 560 17
48372 32453 12191 0 1790 560 17
48321 32447 12196 0 1790 560 17
48270 32441 12202 0 1790 560 17
48219 32434 12206 0 1790 560 17
48168 32427 12208 0 1790 560 17
48118 32421 12214 0 1790 560 17
48067 32413 12224 0 1790 560 17
48017 32406 12238 0 1790 560 17
47968 32399 12249 0 1790 560 17
47919 32391 12256 0 1790 560 17
47872 32383 12256 0 1790 560 17
47825 32375 12264 0 1790 560 17
47779 32366 12273 0 1790 560 17
47724 32358 12281 0 1790 560 17
47647 32348 12285 0 1790 560 17
47572 32338 12287 0 1790 560 17
47497 32326 12287 0 1790 560 17
47425 32315 12294 0 1790 560 17
47341 32301 12300 0 1790 560 17
47259 32287 12305 0 1790 560 17
47192 32269 12311 0 1790 560 17
47129 32248 12314 0 1790 560 17
47067 32226 12317 0 1790 560 17
47009 32202 12323 0 1790 560 17
46954 32178 12328 0 1790 560 17
46901 32150 12333 0 1790 560 17
46852 32120 12334 0 1790 560 17
46805 32089 12335 0 1790 560 17
46761 32059 12338 0 1790 560 17
46710 32024 12343 0 1790 560 17
46614 31968 12348 0 1790 560 17
46528 31915 12352 0 1790 560 17
46453 31897 12353 0 1790 560 17
46390 31869 12355 0 1790 560 17
46339 31837 12358 0 1790 560 17
46299 31808 12362 0 1790 560 17
46267 31780 12363 0 1790 560 17
46240 31757 12364 0 1790 560 17
46240 31753 12364 0 1790 560 17
46240 31751 12366 0 1790 560 17
46240 31735 12366 0 1790 560 17
46244 31707 12367 0 1790 560 17
46255 31658 12367 0 1790 560 17
46275 31583 12367 0 1790 560 17
46300 31535 12368 0 1790 560 17
46318 31485 12368 0 1790 560 17
46337 31440 12368 0 1790 560 17
46355 31400 12369 0 1790 560 17
46373 31357 12369 0 1790 560 17
46390 31310 12370 0 1790 560 17
46396 31263 12370 0 1790 560 17
46399 31214 12370 0 1790 560 17
46401 31167 12371 0 1790 560 17
46409 31124 12371 0 1790 560 17
46415 31084 12371 0 1790 560 17
46419 31045 12372 0 1790 560 17
46425 31010 12372 0 1790 560 17
46430 30977 12373 0 1790 560 17
46437 30944 12373 0 1790 560 17
46450 30910 12374 0 1790 560 17
46465 30877 12375 0 1790 560 17
46483 30846 12376 0 1790 560 17
46495 30819 12376 0 1790 560 17
46501 30797 12390 0 1790 560 17
46526 30776 12424 0 1790 560 17
46545 30761 12452 0 1790 560 17
46569 30751 12483 0 1790 560 17
46594 30749 12513 0 1790 560 17
46618 30745 12544 0 1790 560 17
46641 30740 12568 0 1790 560 17
46657 30739 12584 0 1790 560 17
46670 30739 12598 0 1790 560 17
46681 30739 12609 0 1790 560 17
46691 30739 12620 0 1790 560 17
46697 30739 12626 0 1790 560 17
46704 30739 12633 0 1790 560 17
46714 30739 12640 0 1790 560 17
46721 30739 12646 0 1790 560 17
46727 30742 12650 0 1790 560 17
46730 30746 12655 0 1790 560 17
46732 30750 12658 0 1790 560 17
46733 30753 12662 0 1790 560 17
46734 30757 12665 0 1790 560 17
46735 30758 12670 0 1790 560 17
46738 30758 12674 0 1790 560 17
46740 30759 12678 0 1790 560 17
46743 30759 12682 0 1790 560 17
46745 30760 12687 0 1790 560 17
46745 30762 12690 0 1790 560 17
46745 30764 12694 0 1790 560 17
46746 30767 12697 0 1790 560 17
46746 30769 12700 0 1790 560 17
46746 30772 12704 0 1790 560 17
46746 30775 12707 0 1790 560 17
46746 30777 12710 0 1790 560 17
46747 30779 12714 0 1790 560 17
46747 30780 12717 0 1790 560 17
46747 30782 12720 0 1790 560 17
46747 30783 12724 0 1790 560 17
46750 30786 12727 0 1790 560 17
46755 30788 12731 0 1790 560 17
46759 30790 12735 0 1790 560 17
46764 30790 12739 0 1790 560 17
46765 30790 12742 0 1790 560 17
46766 30790 12744 0 1790 560 17
46767 30790 12745 0 1790 560 17
46767 30790 12746 0 1790 560 17
46767 30790 12746 0 1790 560 17
46767 30789 12749 0 1790 560 17
46768 30789 12749 0 1790 560 17
46768 30789 12749 0 1790 560 17
46768 30789 12752 0 1790 560 17
46768 30786 12754 0 1790 560 17
46763 30781 12754 0 1790 560 17
46601 30710 12754 1 1790 560 17
46757 30771 12756 0 1790 560 17
46577 30684 12757 1 1790 560 17
46562 30664 12757 1 1790 560 17
46542 30638 12759 1 1790 560 17
46519 30608 12759 1 1790 560 17
46498 30576 12759 1 1790 560 17
46478 30544 12759 1 1790 560 17
46462 30524 12760 1 1790 560 17
46446 30502 12763 1 1790 560 17
46436 30482 12763 1 1790 560 17
46426 30466 12764 1 1790 560 17
46419 30449 12766 1 1790 560 17
46416 30432 12769 1 1790 560 17
46414 30417 12769 1 1790 560 17
46413 30405 12771 1 1790 560 17
46413 30396 12774 1 1790 560 17
46414 30388 12777 1 1790 560 17
46414 30382 12778 1 1790 560 17
46414 30378 12782 1 1790 560 17
46414 30375 12786 1 1790 560 17
46414 30373 12790 1 1790 560 17
46414 30370 12794 1 1790 560 17
46421 30368 12800 1 1790 560 17
46439 30366 12811 1 1790 560 17
46466 30363 12824 1 1790 560 17
