38597 15550 533 1 50 600 6
38608 15588 534 1 70 600 6
38614 15607 534 1 70 600 21
38619 15626 536 1 70 600 23
38623 15646 539 1 70 600 25
38625 15667 541 1 70 600 27
38628 15690 543 1 70 600 27
38629 15714 550 1 70 600 30
38630 15740 552 1 70 600 33
38632 15768 558 1 70 600 33
38635 15801 566 1 70 600 36
38637 15834 569 1 70 600 37
38642 15870 574 1 70 600 49
38646 15902 582 1 70 600 48
38651 15932 586 1 70 600 51
38656 15960 593 1 70 600 54
38660 15986 603 1 70 600 52
38662 16012 604 1 70 600 50
38662 16036 616 1 70 600 54
38663 16059 620 1 50 600 55
38663 16082 629 1 50 600 61
38659 16107 636 1 50 600 65
38653 16139 642 1 50 600 66
38645 16172 654 1 50 600 70
38636 16209 655 1 50 600 69
38626 16250 668 1 50 610 67
38616 16294 668 1 50 610 70
38608 16341 673 1 50 610 72
38600 16388 681 1 50 610 76
38595 16434 682 1 50 610 69
38591 16481 689 1 50 610 73
38588 16530 695 1 50 610 77
38582 16580 700 1 50 610 76
38576 16631 707 1 60 620 74
38570 16682 713 1 60 620 76
38564 16736 719 1 60 620 80
38559 16791 725 1 60 620 90
38552 16847 729 1 60 620 87
38546 16902 736 1 60 620 90
38540 16953 737 1 60 620 96
38536 17002 740 1 60 620 100
38531 17052 741 1 60 620 107
38527 17102 742 1 60 620 115
38521 17156 745 1 60 620 118
38514 17209 746 1 60 620 121
38507 17255 747 1 60 620 127
38498 17298 748 1 60 620 131
38487 17335 751 1 60 620 130
38476 17374 752 1 50 610 130
38464 17430 753 1 50 610 122
38450 17482 755 1 50 610 128
38434 17526 757 1 50 610 125
38417 17569 757 1 50 610 128
38395 17614 758 1 50 600 128
38367 17662 758 1 50 600 126
38336 17712 758 1 50 600 138
38298 17766 760 1 50 600 140
38253 17820 761 1 50 600 141
38204 17877 763 1 50 600 143
38159 17934 766 1 50 600 141
38117 17992 773 1 50 600 147
38070 18050 784 1 50 600 141
38022 18102 787 1 50 600 137
37974 18156 804 1 50 600 142
37922 18207 806 1 50 600 138
37868 18254 820 1 50 600 143
37814 18308 837 1 50 600 146
37759 18357 842 1 50 600 146
37701 18403 871 1 50 600 154
37644 18453 871 1 50 610 150
37587 18518 902 1 50 610 151
37530 18580 906 1 50 610 152
37473 18633 935 1 50 610 149
37416 18677 943 1 50 610 147
37362 18714 950 1 50 610 149
37310 18744 951 1 50 610 147
37270 18769 958 1 50 610 150
37228 18791 966 1 50 610 148
37187 18810 977 1 50 610 146
37144 18826 978 1 60 620 153
37099 18839 991 1 60 620 154
37054 18851 1002 1 60 620 164
37009 18860 1007 1 70 620 169
36963 18867 1016 1 70 620 169
36919 18873 1027 1 70 620 174
36875 18877 1034 1 70 620 170
36829 18881 1044 1 70 620 169
36784 18884 1058 1 70 620 173
36735 18886 1058 1 70 620 169
36684 18889 1073 1 70 620 166
36630 18891 1077 1 70 620 165
36572 18892 1086 1 70 620 158
36506 18887 1096 1 70 620 159
36435 18883 1099 1 70 620 163
36362 18877 1110 1 70 620 164
36282 18868 1112 1 70 620 171
36202 18856 1114 1 70 620 179
36126 18842 1115 1 70 620 175
36057 18826 1117 1 70 620 186
35992 18810 1118 1 70 620 189
35933 18795 1118 1 70 620 188
35882 18778 1119 1 70 620 196
35837 18760 1119 1 70 620 192
35795 18743 1120 1 70 620 202
35751 18724 1125 1 70 620 197
35708 18704 1126 1 70 620 204
35666 18681 1127 1 70 620 199
35622 18659 1133 1 70 620 203
35577 18634 1134 1 70 620 196
35531 18609 1134 1 70 620 189
35486 18581 1136 1 70 620 190
35431 18546 1136 1 70 620 198
35381 18505 1138 1 70 620 199
35338 18466 1138 1 70 620 204
35307 18422 1141 1 70 620 210
35281 18378 1143 1 70 610 226
35256 18344 1144 1 70 610 235
35230 18310 1148 1 70 610 243
35205 18276 1149 1 70 610 265
35182 18242 1150 1 70 610 266
35159 18209 1157 1 70 610 279
35139 18174 1158 1 70 610 279
35113 18138 1161 1 70 610 266
35084 18100 1164 1 70 610 270
35055 18060 1166 1 70 610 269
35022 18015 1171 1 70 610 266
34989 17967 1171 1 70 610 265
34954 17914 1177 1 70 610 267
34921 17853 1178 1 70 600 262
34889 17789 1180 1 70 600 259
34861 17732 1184 1 70 600 279
34834 17681 1186 1 70 600 295
34810 17628 1191 1 70 600 296
34773 17576 1193 1 70 600 308
34735 17525 1197 1 70 600 331
34700 17473 1200 1 70 600 340
34671 17419 1201 1 70 600 334
34643 17369 1204 1 70 600 336
34619 17322 1205 1 70 600 337
34599 17273 1208 1 70 600 328
34583 17225 1212 1 70 590 330
34569 17173 1216 1 70 590 332
34558 17121 1218 1 70 590 324
34549 17069 1226 1 70 590 342
34543 17014 1227 1 70 590 305
34538 16960 1228 1 70 600 317
34537 16899 1239 1 70 600 330
34536 16836 1244 1 70 600 310
34535 16777 1250 1 70 600 323
34538 16716 1252 1 70 600 316
34545 16655 1258 1 70 610 320
34551 16595 1264 1 70 610 324
34559 16534 1266 1 70 610 310
34568 16472 1271 1 70 610 312
34575 16411 1278 1 70 610 299
34581 16349 1278 1 70 610 290
34585 16287 1283 1 70 620 315
34591 16224 1287 1 70 620 299
34597 16161 1289 1 70 620 294
34607 16101 1301 1 70 620 305
34621 16042 1304 1 70 620 302
34639 15985 1306 1 70 610 300
34662 15931 1316 1 70 610 298
34686 15875 1321 1 70 610 302
34717 15821 1321 1 70 610 302
34748 15767 1324 1 70 610 281
34769 15712 1326 1 70 610 290
34791 15661 1330 1 70 610 293
34811 15610 1342 1 70 610 290
34833 15563 1359 1 70 600 314
34858 15517 1378 1 70 600 292
34885 15472 1397 1 70 600 279
34917 15427 1421 1 70 600 290
34941 15383 1437 1 70 600 283
34962 15344 1453 1 70 600 279
34983 15306 1468 1 70 600 266
35005 15268 1485 1 70 600 257
35040 15231 1499 1 70 600 246
35075 15194 1517 1 70 600 223
35108 15157 1541 1 70 600 225
35147 15123 1563 1 70 600 230
35183 15091 1584 1 70 590 215
35223 15053 1599 1 70 600 235
35260 15013 1606 1 70 600 229
35291 14969 1621 1 70 600 237
35320 14926 1639 1 70 600 242
35352 14888 1657 1 70 600 239
35382 14856 1673 1 70 610 241
35417 14829 1689 1 70 610 243
35454 14806 1706 1 70 610 236
35494 14786 1724 1 70 610 228
35541 14768 1740 1 70 620 229
35589 14751 1757 1 70 620 229
35643 14738 1771 1 70 620 222
35682 14712 1779 1 70 620 219
35722 14679 1786 1 70 620 211
35766 14648 1795 1 80 630 225
35812 14618 1804 1 80 630 215
35854 14585 1805 1 80 630 221
35898 14554 1806 1 60 630 216
35942 14526 1810 1 60 630 217
35982 14502 1816 1 60 630 228
36023 14484 1819 1 60 630 228
36063 14470 1825 1 60 630 216
36105 14459 1833 1 60 630 221
36147 14455 1842 1 60 620 218
36189 14456 1849 1 60 620 215
36231 14457 1856 1 60 620 208
36276 14458 1863 1 40 620 208
36323 14459 1870 1 40 620 208
36373 14460 1877 1 40 620 207
36422 14461 1884 1 40 620 194
36468 14452 1894 1 40 620 203
36513 14441 1905 1 40 620 205
36556 14432 1912 1 40 620 221
36596 14425 1920 1 40 620 229
36636 14418 1927 1 40 610 231
36678 14414 1936 1 40 610 241
36724 14411 1946 1 40 610 234
36773 14416 1947 1 40 610 227
36823 14420 1948 1 40 610 231
36876 14425 1954 1 40 610 229
36933 14432 1959 1 40 610 218
36992 14450 1965 1 40 610 205
37054 14472 1972 1 40 610 199
37113 14492 1979 1 40 610 190
37167 14506 1994 1 50 610 186
37221 14516 2012 1 50 610 180
37273 14526 2030 1 50 610 186
37320 14534 2046 1 50 610 201
37370 14541 2060 1 50 610 212
37411 14548 2073 1 50 610 223
37439 14547 2085 1 50 610 225
37459 14547 2091 1 50 610 234
37475 14549 2092 1 50 610 230
37488 14551 2093 1 50 610 224
37506 14555 2096 1 40 610 216
37530 14560 2099 1 40 610 201
37560 14585 2101 1 40 610 183
37594 14618 2101 1 40 610 173
37630 14654 2106 1 40 610 169
37669 14690 2107 1 20 610 167
37706 14709 2113 1 20 610 164
37737 14727 2113 1 20 610 162
37761 14746 2116 1 20 610 160
37780 14765 2122 1 20 610 158
37796 14782 2125 1 20 610 166
37810 14802 2130 1 20 610 166
37825 14824 2134 1 20 610 169
37842 14849 2138 1 20 610 174
37862 14879 2143 1 20 610 176
37885 14914 2149 1 0 610 179
37915 14948 2153 1 0 610 184
37961 14984 2161 1 0 610 193
38010 15021 2163 1 0 610 196
38062 15058 2172 1 0 610 196
38116 15093 2172 1 0 610 188
38168 15125 2178 1 0 610 193
38216 15156 2182 1 0 610 188
38257 15184 2184 1 0 610 177
38291 15211 2185 1 0 610 182
38322 15231 2187 1 0 610 173
38349 15253 2187 1 0 610 178
38372 15270 2188 1 0 600 180
38395 15285 2188 1 0 600 172
38416 15301 2189 1 0 600 179
38438 15318 2191 1 0 600 189
38459 15335 2194 1 0 590 182
38479 15353 2217 1 0 590 194
38500 15373 2243 1 0 590 190
38519 15393 2265 1 0 590 192
38535 15415 2286 1 0 590 189
38549 15436 2304 1 0 590 181
38560 15456 2319 1 0 590 177
38569 15477 2333 1 0 590 169
38576 15497 2345 1 0 590 165
38581 15517 2356 1 0 590 169
38586 15537 2368 1 0 590 159
38590 15557 2377 1 0 590 162
38592 15578 2386 1 0 590 164
38594 15602 2395 1 0 590 158
38595 15626 2401 1 0 590 164
38596 15651 2407 1 0 590 160
38596 15677 2414 1 0 590 161
38597 15704 2420 1 0 600 163
38598 15731 2426 1 0 600 161
38600 15758 2434 1 0 600 182
38604 15786 2448 1 0 600 175
38608 15812 2460 1 0 600 175
38612 15838 2473 1 0 600 191
38616 15864 2485 1 0 600 184
38618 15891 2495 1 0 600 179
38619 15919 2503 1 0 600 184
38620 15947 2510 1 0 600 186
38621 15977 2518 1 0 600 191
38621 16006 2525 1 0 600 188
38622 16039 2534 1 0 600 185
38623 16072 2545 1 0 600 193
38626 16110 2558 1 0 600 188
38630 16150 2573 1 0 600 188
38635 16191 2593 1 0 600 192
38640 16239 2612 1 0 600 191
38645 16289 2631 1 0 600 192
38648 16341 2648 1 0 600 190
38652 16395 2665 1 0 600 186
38655 16449 2684 1 0 600 194
38659 16502 2701 1 0 600 185
38662 16553 2718 1 0 610 190
38665 16604 2737 1 0 610 190
38667 16652 2754 1 0 610 184
38668 16700 2768 1 0 610 201
38668 16748 2781 1 0 610 206
38668 16796 2795 1 20 610 211
38668 16846 2810 1 20 610 221
38668 16899 2821 1 20 610 202
38665 16957 2825 1 20 610 217
38662 17011 2825 1 20 610 215
38657 17068 2826 1 20 610 205
38651 17118 2828 1 20 610 195
38644 17162 2830 1 20 610 200
38636 17201 2831 1 20 610 188
38628 17232 2832 1 20 610 191
38620 17259 2832 1 20 610 193
38610 17281 2833 1 0 610 190
38599 17299 2835 1 0 600 196
38585 17316 2835 1 0 600 195
38570 17334 2836 1 0 600 201
38554 17354 2836 1 0 600 198
38539 17374 2836 1 0 600 196
38523 17395 2836 1 0 590 202
38505 17419 2837 1 0 590 205
38486 17441 2837 1 0 590 202
38465 17465 2838 1 0 590 207
38444 17493 2838 1 0 590 205
38421 17524 2839 1 0 590 211
38395 17552 2841 1 0 590 209
38369 17578 2842 1 0 590 202
38338 17602 2843 1 0 590 210
38308 17624 2843 1 0 590 204
38280 17644 2843 1 0 590 204
38251 17664 2844 1 0 590 206
38221 17688 2844 1 0 590 203
38191 17715 2844 1 0 590 212
38166 17743 2847 1 0 590 213
38144 17772 2848 1 0 590 214
38123 17804 2848 1 3580 590 222
38101 17841 2848 1 3580 590 216
38074 17885 2848 1 3580 590 220
38045 17938 2849 1 3580 600 225
38015 17993 2849 1 3580 600 223
37984 18044 2849 1 3580 600 223
37953 18094 2850 1 3580 600 221
37919 18136 2850 1 3580 600 218
37884 18172 2850 1 3580 600 222
37848 18203 2851 1 0 600 214
37812 18231 2852 1 0 600 219
37772 18256 2852 1 0 600 224
37734 18279 2853 1 0 600 225
37692 18305 2853 1 0 600 238
37650 18337 2855 1 0 600 244
37618 18364 2858 1 0 600 244
37588 18390 2861 1 0 600 251
37559 18415 2861 1 0 600 255
37529 18437 2862 1 0 600 256
37494 18461 2863 1 0 600 260
37459 18483 2864 1 0 600 255
37420 18507 2865 1 0 600 266
37383 18529 2869 1 0 600 271
37347 18546 2876 1 0 600 265
37308 18564 2881 1 0 600 272
37272 18578 2892 1 0 600 267
37238 18592 2905 1 0 600 271
37200 18605 2920 1 0 600 269
37161 18619 2933 1 0 600 269
37120 18631 2946 1 0 600 276
37074 18641 2958 1 0 600 278
37021 18652 2972 1 0 600 278
36966 18661 2985 1 0 600 283
36913 18668 2999 1 0 600 285
36862 18675 3010 1 0 600 302
36814 18682 3023 1 0 600 295
36768 18687 3034 1 0 600 288
36713 18694 3048 1 0 600 295
36653 18699 3061 1 0 600 292
36594 18701 3075 1 0 600 289
36535 18703 3088 1 0 600 295
36478 18705 3090 1 0 600 289
36422 18706 3090 1 0 600 292
36365 18704 3101 1 0 600 296
36311 18697 3118 1 0 600 292
36261 18692 3133 1 0 600 298
36214 18685 3149 1 0 600 295
36174 18677 3164 1 0 600 289
36137 18667 3167 1 0 600 296
36100 18655 3168 1 0 600 290
36061 18641 3171 1 0 600 298
36019 18622 3174 1 0 600 289
35976 18602 3177 1 0 600 296
35930 18580 3178 1 0 600 307
35885 18556 3180 1 0 600 299
35841 18529 3183 1 0 600 305
35799 18504 3185 1 0 600 316
35760 18480 3190 1 0 600 307
35721 18458 3192 1 0 600 321
35686 18440 3196 1 0 600 306
35654 18420 3197 1 0 600 305
35626 18399 3201 1 0 600 311
35604 18376 3204 1 0 600 309
35587 18351 3207 1 0 600 310
35571 18324 3209 1 0 600 314
35556 18292 3210 1 0 600 323
35539 18258 3217 1 0 600 335
35519 18219 3224 1 0 600 331
35485 18175 3232 1 0 600 339
35440 18143 3247 1 0 600 337
35379 18109 3269 1 0 600 328
35313 18073 3276 1 0 600 335
35247 18039 3277 1 0 600 324
35181 18014 3278 1 0 600 326
35119 17988 3278 1 0 600 319
35061 17958 3282 1 0 600 325
35013 17928 3283 1 0 600 318
34969 17893 3286 1 0 600 348
34933 17857 3290 1 0 600 322
34901 17820 3291 1 0 600 338
34871 17784 3292 1 0 600 351
34846 17747 3294 1 0 600 346
34822 17710 3298 1 0 600 352
34799 17671 3299 1 0 590 359
34761 17636 3302 1 0 590 341
34725 17605 3306 1 0 590 355
34691 17573 3308 1 0 590 332
34664 17543 3318 1 0 590 335
34641 17512 3334 1 0 590 341
34621 17480 3350 1 0 590 339
34603 17454 3355 1 0 590 339
34587 17427 3357 1 0 590 345
34573 17396 3361 1 0 590 336
34564 17368 3364 1 0 590 356
34558 17339 3368 1 0 590 350
34555 17311 3374 1 0 580 350
34555 17278 3374 1 0 580 350
34555 17243 3377 1 0 590 340
34555 17207 3386 1 0 590 349
34554 17170 3394 1 0 590 358
34554 17133 3402 1 0 590 345
34554 17095 3411 1 0 590 346
34554 17057 3420 1 0 590 347
34554 17017 3429 1 0 600 349
34554 16978 3435 1 0 600 347
34554 16939 3443 1 0 600 321
34557 16898 3449 1 0 610 354
34561 16855 3451 1 0 610 340
34562 16810 3454 1 0 610 331
34566 16759 3454 1 0 610 332
34568 16704 3455 1 0 610 313
34569 16651 3455 1 0 620 333
34572 16595 3456 1 0 620 329
34575 16540 3456 1 0 620 324
34577 16487 3457 1 0 620 335
34580 16434 3457 1 0 620 328
34582 16385 3459 1 0 620 349
34583 16333 3459 1 0 620 349
34587 16278 3461 1 0 620 336
34595 16219 3462 1 0 620 343
34604 16162 3470 1 0 620 348
34613 16109 3480 1 0 610 340
34622 16058 3492 1 0 610 347
34632 16006 3503 1 0 610 353
34644 15952 3515 1 0 610 343
34658 15895 3525 1 0 610 354
34678 15840 3539 1 0 610 343
34697 15786 3552 1 0 600 338
34718 15734 3561 1 0 600 335
34740 15682 3569 1 0 600 316
34759 15633 3576 1 0 600 326
34778 15583 3584 1 20 600 324
34803 15531 3596 1 20 600 306
34825 15479 3608 1 20 600 317
34843 15429 3621 1 20 600 328
34864 15379 3635 1 20 600 341
34887 15330 3648 1 20 600 336
34915 15283 3664 1 20 600 343
34951 15238 3682 1 20 600 351
34991 15196 3702 1 20 600 344
35038 15154 3723 1 20 600 353
35089 15108 3734 1 20 600 343
35137 15062 3741 1 20 600 333
35181 15005 3778 1 20 600 315
35217 14949 3808 1 20 600 321
35251 14894 3837 1 20 600 298
35289 14844 3866 1 20 600 295
35328 14799 3881 1 20 610 264
35367 14754 3882 1 20 610 264
35413 14713 3885 1 20 610 268
35463 14648 3885 1 20 610 261
35517 14575 3887 1 20 610 268
35570 14527 3889 1 20 610 269
35619 14488 3889 1 20 620 286
35654 14455 3891 1 20 620 283
35687 14433 3892 1 20 620 290
35718 14415 3894 1 20 620 290
35749 14400 3895 1 20 620 290
35784 14389 3896 1 0 620 288
35822 14381 3897 1 0 620 285
35859 14375 3899 1 0 620 267
35899 14372 3902 1 0 620 261
35938 14370 3904 1 0 620 259
35982 14372 3905 1 0 620 257
36024 14372 3906 1 0 620 250
36072 14374 3908 1 0 620 259
36119 14377 3909 1 0 620 256
36167 14375 3911 1 0 620 267
36221 14374 3912 1 0 620 260
36273 14375 3915 1 0 610 248
36329 14377 3916 1 0 610 263
36385 14380 3921 1 0 610 274
36442 14383 3923 1 0 610 278
36508 14386 3926 1 0 610 288
36578 14401 3931 1 3580 610 279
36647 14413 3932 1 3580 610 283
36712 14426 3937 1 3580 610 277
36770 14439 3938 1 3580 610 264
36820 14455 3945 1 0 610 272
36870 14477 3953 1 0 610 268
36922 14507 3963 1 0 610 265
36975 14543 3972 1 0 610 266
37030 14583 3982 1 0 620 245
37086 14621 3989 1 0 620 256
37144 14637 3989 1 0 620 253
37203 14654 3989 1 0 620 245
37264 14670 3990 1 0 620 258
37318 14685 3990 1 0 620 254
37367 14699 3991 1 0 620 261
37409 14711 3992 1 0 620 269
37449 14722 3993 1 0 620 278
37488 14734 3993 1 0 620 290
37527 14748 3993 1 0 620 284
37560 14765 3994 1 0 620 279
37594 14785 3995 1 0 620 282
37633 14810 3995 1 0 620 272
37670 14837 3996 1 0 620 264
37706 14867 3999 1 0 620 256
37743 14898 3999 1 0 620 246
37776 14927 4006 1 0 620 247
37807 14956 4012 1 0 620 247
37838 14985 4019 1 0 620 241
37869 15012 4024 1 0 620 248
37905 15032 4024 1 0 620 252
37942 15049 4036 1 0 620 243
37977 15064 4052 1 0 620 249
38014 15077 4067 1 0 620 249
38051 15091 4076 1 0 620 255
38083 15106 4078 1 3580 610 253
38112 15120 4082 1 3580 610 249
38139 15135 4084 1 3580 610 256
38163 15151 4084 1 3580 610 253
38191 15165 4089 1 3580 600 251
38218 15182 4093 1 3580 600 249
38245 15199 4094 1 3580 600 242
38272 15218 4094 1 3580 600 242
38298 15240 4099 1 3580 600 227
38325 15263 4103 1 3570 600 214
38348 15287 4103 1 3570 590 220
38372 15314 4106 1 3570 590 198
38393 15337 4109 1 3570 590 198
38411 15360 4111 1 3570 590 206
38430 15386 4113 1 3570 590 196
38444 15412 4134 1 3570 590 205
38456 15440 4154 1 3570 590 204
38466 15469 4176 1 3570 590 204
38475 15500 4197 1 3570 590 212
38482 15533 4220 1 3570 590 206
38488 15565 4242 1 3570 590 198
38493 15600 4264 1 3570 590 207
38499 15637 4288 1 3570 590 196
38503 15674 4310 1 3570 590 204
38506 15713 4333 1 3570 590 202
38511 15753 4356 1 3570 590 202
38515 15793 4380 1 3570 590 205
38520 15836 4404 1 3570 590 200
38525 15878 4429 1 3570 600 199
38530 15924 4451 1 3570 600 210
38534 15971 4472 1 3570 600 208
38539 16018 4492 1 3570 600 214
38543 16063 4509 1 3570 600 217
38548 16108 4525 1 3570 600 212
38553 16156 4538 1 3570 600 221
38559 16202 4539 1 3570 600 214
38563 16248 4541 1 3570 600 218
38567 16294 4542 1 3570 600 219
38571 16339 4543 1 3570 600 216
38575 16385 4547 1 3570 600 221
38578 16431 4554 1 3570 600 215
38580 16481 4556 1 3570 600 210
38581 16534 4560 1 3560 610 218
38581 16591 4564 1 3550 610 211
38580 16652 4564 1 3550 610 208
38579 16716 4566 1 3550 610 204
38579 16780 4567 1 3550 610 204
38578 16849 4568 1 3550 610 202
38578 16918 4569 1 3550 610 208
38582 16981 4570 1 3540 620 205
38585 17043 4570 1 3540 620 208
38588 17102 4571 1 3540 620 203
38592 17154 4575 1 3530 620 204
38593 17205 4601 1 3530 610 212
38592 17253 4620 1 3530 610 210
38592 17300 4639 1 3530 610 211
38592 17347 4657 1 3530 610 208
38591 17391 4676 1 3530 610 208
38582 17434 4686 1 3550 610 216
38571 17473 4691 1 3550 610 202
38559 17508 4694 1 3550 610 209
38544 17540 4696 1 3550 610 212
38527 17571 4696 1 3550 610 212
38509 17599 4696 1 3550 600 226
38491 17625 4696 1 3550 600 222
38475 17650 4699 1 3550 600 222
38458 17672 4705 1 3550 600 224
38439 17696 4712 1 3550 600 219
38419 17718 4717 1 3550 600 226
38397 17740 4723 1 3550 600 226
38372 17761 4730 1 3550 600 214
38344 17782 4738 1 3550 600 228
38312 17803 4750 1 3550 600 228
38278 17827 4763 1 3550 600 223
38250 17853 4768 1 3550 600 235
38222 17880 4774 1 3550 600 231
38193 17908 4780 1 3550 600 239
38161 17939 4788 1 3550 600 231
38125 17971 4797 1 3550 600 231
38090 18003 4809 1 3550 600 239
38057 18033 4828 1 3550 600 238
38027 18065 4842 1 3550 600 232
38000 18092 4856 1 3550 600 236
37972 18116 4868 1 3550 600 237
37941 18141 4881 1 3550 600 243
37909 18170 4891 1 3550 600 263
37875 18210 4900 1 3570 600 258
37839 18255 4906 1 3570 600 275
37800 18301 4914 1 3570 600 282
37758 18350 4918 1 3570 600 276
37721 18393 4920 1 3560 610 275
37689 18434 4920 1 3560 610 271
37659 18471 4923 1 3560 610 263
37632 18502 4926 1 3560 610 264
37607 18529 4933 1 3560 610 258
37586 18550 4939 1 3560 610 268
37565 18566 4945 1 3560 610 270
37542 18580 4949 1 3560 610 284
37512 18592 4953 1 3560 610 292
37472 18603 4955 1 3560 610 291
37422 18614 4957 1 3560 610 299
37365 18624 4962 1 3560 610 295
37302 18636 4972 1 3560 610 287
37237 18646 4977 1 3560 610 290
37173 18652 4977 1 3560 610 290
37113 18656 4981 1 3560 610 284
37049 18659 4984 1 3560 610 283
36979 18661 4987 1 3560 610 278
36907 18663 4998 1 3560 610 278
36835 18660 5029 1 3560 610 291
36767 18652 5058 1 3580 610 287
36708 18641 5075 1 3580 610 310
36651 18632 5091 1 3580 610 306
36596 18623 5106 1 3580 610 307
36546 18615 5120 1 3560 610 313
36498 18607 5135 1 3560 610 305
36455 18600 5148 1 3560 610 303
36411 18596 5166 1 3560 610 297
36361 18592 5199 1 3560 610 295
36309 18587 5233 1 3560 610 295
36254 18579 5268 1 3560 610 290
36192 18569 5310 1 3560 610 308
36130 18557 5351 1 3560 610 293
36066 18544 5395 1 3560 610 307
36000 18529 5410 1 3560 610 324
35937 18512 5410 1 3560 610 320
35878 18496 5410 1 3560 610 312
35821 18480 5411 1 3560 610 333
35762 18464 5412 1 3580 610 329
35709 18448 5413 1 3580 610 328
35658 18429 5413 1 3580 610 333
35611 18402 5414 1 3580 610 341
35570 18373 5414 1 3580 610 336
35530 18343 5417 1 3580 600 338
35491 18315 5417 1 3580 600 339
35443 18288 5418 1 3580 600 352
35394 18263 5419 1 3580 600 343
35349 18240 5419 1 3580 600 339
35308 18216 5419 1 0 600 342
35265 18195 5420 1 0 600 338
35225 18173 5420 1 0 600 342
35186 18148 5422 1 0 600 336
35149 18120 5426 1 0 600 333
35112 18087 5428 1 0 600 341
35074 18048 5433 1 0 600 346
35038 18004 5438 1 0 600 345
35006 17955 5439 1 0 600 342
34977 17907 5441 1 0 600 349
34954 17869 5450 1 0 600 351
34936 17839 5451 1 0 600 364
34918 17812 5466 1 0 600 347
34906 17786 5467 1 0 600 365
34894 17757 5483 1 0 600 355
34883 17727 5484 1 0 600 358
34874 17693 5488 1 0 600 357
34864 17657 5497 1 0 600 356
34852 17619 5508 1 0 600 359
34834 17578 5509 1 0 600 381
34813 17536 5519 1 0 600 361
34792 17490 5526 1 0 600 366
34773 17446 5527 1 0 600 376
34755 17401 5529 1 0 600 357
34742 17361 5532 1 0 600 378
34733 17319 5540 1 0 600 369
34726 17276 5548 1 0 600 361
34719 17231 5549 1 0 590 387
34715 17186 5555 1 0 590 368
34708 17139 5562 1 0 600 381
34700 17089 5568 1 0 600 367
34689 17038 5569 1 0 600 368
34676 16986 5569 1 0 600 371
34665 16932 5570 1 0 610 372
34653 16881 5570 1 0 610 371
34642 16825 5571 1 0 610 375
34630 16767 5580 1 0 610 357
34618 16708 5583 1 20 610 370
34608 16647 5588 1 20 610 343
34600 16587 5596 1 0 620 349
34593 16529 5606 1 0 620 371
34588 16470 5616 1 0 620 357
34581 16414 5620 1 0 620 371
34575 16361 5625 1 0 620 373
34571 16309 5630 1 0 620 379
34568 16259 5634 1 0 620 401
34567 16212 5643 1 0 620 394
34567 16167 5644 1 0 620 391
34567 16123 5649 1 0 620 381
34567 16085 5651 1 0 620 374
34567 16045 5652 1 0 620 393
34567 16007 5652 1 0 610 373
34569 15968 5653 1 0 610 362
34577 15931 5654 1 0 610 375
34589 15893 5658 1 0 610 355
34602 15855 5660 1 0 610 387
34616 15818 5664 1 0 610 354
34630 15778 5669 1 0 610 350
34644 15738 5670 1 0 610 357
34660 15699 5671 1 0 610 340
34678 15660 5681 1 0 610 345
34699 15619 5684 1 0 610 342
34719 15580 5687 1 0 610 347
34741 15538 5693 1 0 610 345
34769 15495 5708 1 0 600 355
34802 15451 5718 1 0 600 341
34834 15404 5724 1 0 600 348
34858 15362 5728 1 0 600 362
34883 15323 5742 1 0 600 343
34911 15283 5746 1 0 600 373
34942 15243 5746 1 0 600 353
34974 15199 5755 1 0 600 350
35009 15148 5758 1 0 600 340
35048 15094 5764 1 0 600 340
35087 15041 5765 1 0 600 327
35129 14977 5773 1 0 600 321
35174 14916 5774 1 0 600 320
35218 14854 5781 1 0 600 324
35263 14796 5786 1 0 610 305
35310 14742 5796 1 0 610 327
35361 14695 5798 1 0 610 320
35414 14655 5826 1 0 610 312
35471 14591 5865 1 0 610 304
35531 14516 5902 1 0 610 282
35590 14452 5939 1 0 620 299
35628 14390 5949 1 0 620 302
35666 14337 5956 1 0 620 267
35707 14289 5960 1 0 620 255
35749 14247 5960 1 0 620 250
35791 14212 5962 1 0 620 236
35831 14180 5962 1 0 620 249
35870 14155 5962 1 0 620 261
35907 14135 5966 1 0 620 272
35943 14120 5970 1 0 620 276
35981 14105 5973 1 0 620 274
36020 14090 5973 1 0 620 266
36060 14078 5981 1 0 620 266
36100 14069 5982 1 0 610 248
36142 14062 5987 1 0 610 265
36184 14057 5990 1 3580 610 257
36226 14052 5994 1 3580 610 260
36269 14048 6001 1 3580 610 262
36311 14045 6002 1 3580 610 263
36355 14043 6006 1 3580 610 279
36399 14042 6011 1 3580 610 290
36441 14042 6018 1 3580 610 281
36486 14042 6019 1 3580 610 292
36523 14042 6021 1 3560 610 275
36558 14045 6029 1 3560 610 275
36593 14050 6032 1 3580 610 276
36628 14057 6032 1 3580 610 266
36664 14065 6033 1 3580 610 274
36703 14074 6033 1 3580 610 256
36745 14085 6034 1 3580 610 253
36791 14096 6046 1 3580 610 256
36840 14110 6062 1 3580 610 251
36891 14126 6075 1 3580 610 257
36944 14143 6090 1 3580 610 264
36997 14163 6104 1 3580 610 269
37049 14184 6117 1 3580 610 274
37097 14205 6127 1 0 610 270
37142 14228 6145 1 0 610 276
37187 14254 6162 1 0 610 278
37232 14285 6181 1 0 610 264
37276 14317 6191 1 0 610 259
37319 14354 6203 1 0 610 268
37369 14396 6209 1 0 610 263
37417 14444 6216 1 0 610 268
37466 14497 6222 1 0 610 271
37518 14557 6232 1 3580 610 255
37561 14598 6239 1 3580 610 261
37604 14627 6247 1 3580 620 245
37644 14656 6256 1 3580 620 247
37682 14686 6257 1 3580 620 239
37721 14717 6258 1 3580 620 236
37764 14749 6258 1 3580 620 245
37807 14781 6259 1 3580 620 251
37847 14813 6259 1 3580 620 245
37884 14845 6259 1 3580 620 253
37918 14876 6259 1 3560 620 255
37949 14907 6259 1 3560 620 252
37977 14941 6260 1 3560 620 256
38006 14976 6263 1 3560 620 250
38034 15015 6263 1 3560 620 249
38059 15059 6270 1 3560 620 245
38088 15100 6271 1 3560 620 245
38116 15142 6271 1 3560 610 235
38143 15181 6272 1 3560 610 231
38168 15220 6274 1 3560 610 224
38195 15258 6281 1 3560 610 231
38221 15292 6281 1 3560 610 219
38245 15324 6295 1 3570 600 229
38269 15356 6319 1 3550 600 234
38289 15390 6339 1 3550 600 224
38308 15425 6361 1 3550 600 234
38331 15459 6364 1 3550 600 229
38352 15495 6378 1 3550 590 234
38375 15531 6394 1 3550 590 235
38394 15567 6412 1 3550 590 225
38413 15604 6428 1 3550 600 230
38432 15641 6446 1 3550 600 236
38450 15681 6462 1 3550 600 234
38468 15722 6481 1 3550 600 241
38484 15765 6486 1 3550 600 239
38499 15807 6488 1 3550 600 244
38512 15848 6491 1 3550 600 228
38523 15890 6493 1 3550 600 224
38532 15926 6496 1 3550 610 228
38537 15964 6498 1 3550 610 220
38540 16001 6502 1 3550 610 212
38541 16039 6506 1 3550 610 225
38542 16077 6509 1 3550 610 221
38536 16115 6513 1 3550 610 232
38528 16156 6519 1 3550 610 227
38520 16197 6526 1 3550 610 220
38512 16239 6534 1 3550 610 222
38505 16281 6540 1 3550 610 216
38498 16323 6548 1 3550 610 213
38495 16366 6557 1 3550 610 217
38493 16410 6568 1 3550 610 218
38494 16454 6577 1 3550 610 224
38495 16501 6588 1 3550 610 231
38496 16550 6597 1 3550 610 230
38498 16604 6610 1 3550 610 242
38500 16664 6629 1 3550 610 243
38503 16730 6650 1 3540 620 236
38505 16797 6662 1 3530 620 239
38506 16860 6672 1 3530 620 232
38503 16924 6682 1 3530 620 222
38499 16987 6692 1 3530 620 228
38492 17048 6700 1 3530 620 223
38486 17108 6705 1 3530 620 234
38477 17159 6707 1 3530 620 227
38467 17205 6708 1 3530 620 231
38458 17248 6718 1 3530 620 242
38446 17290 6731 1 3530 620 237
38432 17334 6744 1 3530 620 246
38417 17375 6756 1 3530 620 244
38398 17414 6769 1 3530 620 232
38377 17452 6785 1 3530 620 239
38354 17485 6802 1 3530 610 239
38326 17517 6819 1 3530 610 232
38298 17545 6835 1 3530 610 237
38267 17569 6850 1 3530 610 234
38235 17590 6861 1 3530 610 236
38206 17611 6864 1 3530 610 232
38175 17630 6871 1 3530 610 231
38143 17649 6877 1 3530 610 243
38112 17667 6887 1 3530 610 247
38081 17686 6896 1 3530 610 242
38046 17706 6907 1 3530 610 248
38009 17724 6916 1 3530 610 244
37971 17744 6917 1 3550 610 250
37935 17766 6918 1 3550 610 248
37910 17786 6919 1 3550 610 241
37887 17808 6920 1 3550 610 252
37864 17830 6920 1 3550 610 247
37841 17853 6922 1 3550 610 247
37814 17877 6922 1 3560 610 251
37786 17900 6923 1 3560 610 254
37755 17923 6923 1 3560 610 263
37724 17945 6923 1 3560 610 254
37695 17966 6924 1 3560 610 251
37668 17990 6926 1 3560 610 262
37644 18014 6927 1 3560 610 261
37618 18036 6928 1 3560 610 264
37590 18058 6931 1 3560 610 271
37563 18079 6934 1 3560 610 271
37532 18101 6940 1 3560 620 278
37504 18119 6952 1 3560 620 284
37478 18136 6963 1 3560 620 274
37450 18154 6975 1 3560 620 283
37425 18168 6992 1 3560 620 284
37394 18182 7010 1 3560 620 282
37361 18197 7028 1 3560 620 285
37330 18209 7045 1 3560 620 288
37299 18224 7063 1 3560 620 292
37269 18239 7082 1 3560 620 294
37243 18254 7100 1 3560 620 289
37214 18271 7119 1 3560 620 283
37181 18288 7139 1 3560 620 276
37140 18305 7161 1 3560 620 272
37092 18322 7183 1 3560 620 278
37042 18335 7205 1 3560 620 276
36993 18349 7246 1 3560 620 279
36948 18359 7285 1 3560 620 277
36902 18369 7322 1 3560 620 281
36855 18377 7363 1 3580 620 290
36805 18383 7393 1 3580 620 286
36757 18387 7393 1 3580 620 299
36708 18388 7395 1 3580 620 308
36656 18388 7397 1 3580 620 310
36606 18387 7400 1 3580 620 314
36559 18382 7401 1 3580 620 318
36510 18378 7404 1 3580 620 310
36460 18372 7409 1 3560 620 317
36410 18364 7410 1 3560 620 321
36361 18355 7416 1 3560 620 320
36313 18348 7417 1 3560 620 330
36266 18342 7417 1 3560 620 325
36222 18337 7419 1 3560 620 345
36180 18331 7419 1 3560 620 338
36139 18324 7422 1 3540 620 333
36101 18318 7424 1 3540 620 340
36065 18312 7427 1 3540 620 323
36028 18308 7428 1 3540 620 338
35990 18302 7430 1 3540 620 330
35945 18296 7431 1 3540 620 326
35893 18289 7433 1 3540 620 325
35829 18277 7436 1 3560 620 325
35767 18264 7441 1 3560 620 324
35709 18249 7441 1 3560 620 328
35657 18232 7445 1 3560 620 331
35610 18215 7445 1 3560 620 336
35563 18198 7450 1 3580 620 320
35517 18179 7452 1 3580 620 327
35474 18160 7452 1 3580 620 341
35426 18134 7453 1 3580 620 340
35385 18109 7453 1 3580 620 338
35346 18080 7454 1 3580 620 346
35310 18050 7455 1 3580 620 341
35270 18019 7457 1 3580 620 343
35231 17990 7458 1 0 620 337
35186 17967 7458 1 0 620 335
35145 17943 7460 1 0 620 335
35104 17916 7461 1 0 620 341
35065 17887 7467 1 0 620 325
35028 17850 7471 1 0 620 314
34994 17810 7473 1 0 620 327
34965 17769 7478 1 0 620 326
34935 17738 7480 1 0 620 332
34898 17709 7485 1 0 620 312
34841 17682 7485 1 0 620 342
34792 17654 7487 1 0 620 334
34756 17624 7488 1 0 620 340
34727 17598 7491 1 0 610 328
34703 17573 7493 1 0 610 335
34683 17548 7493 1 0 610 339
34665 17523 7493 1 0 610 330
34646 17497 7495 1 0 610 324
34626 17472 7497 1 0 610 332
34605 17447 7499 1 0 610 318
34584 17423 7501 1 0 610 320
34567 17400 7502 1 0 610 319
34553 17374 7504 1 0 610 318
34541 17347 7504 1 0 610 327
34533 17320 7505 1 0 610 319
34526 17294 7506 1 0 610 326
34521 17269 7506 1 0 610 312
34516 17244 7506 1 0 610 347
34513 17217 7507 1 0 610 321
34511 17189 7514 1 0 610 338
34511 17156 7519 1 0 610 347
34511 17124 7520 1 0 610 348
34511 17091 7524 1 0 610 347
34511 17055 7530 1 0 610 336
34511 17018 7536 1 3580 620 327
34513 16976 7537 1 3580 620 324
34514 16933 7538 1 3580 620 319
34514 16887 7540 1 3580 630 318
34514 16836 7540 1 3580 630 313
34514 16786 7540 1 3580 630 325
34514 16731 7541 1 3580 630 308
34514 16673 7541 1 3580 640 307
34514 16616 7562 1 3580 640 313
34512 16559 7582 1 3580 640 320
34510 16505 7601 1 3560 640 318
34507 16450 7620 1 3560 640 325
34505 16397 7639 1 3560 640 337
34505 16344 7658 1 3560 640 334
34504 16294 7678 1 3560 640 326
34504 16242 7696 1 3560 640 323
34505 16189 7714 1 3560 640 351
34505 16138 7730 1 3560 640 338
34505 16088 7747 1 3560 640 338
34505 16041 7762 1 3560 630 346
34508 16000 7783 1 3560 630 348
34513 15963 7806 1 3560 630 338
34519 15931 7832 1 3560 630 319
34526 15896 7850 1 3560 630 321
34535 15863 7870 1 3560 620 324
34544 15832 7888 1 3560 620 321
34555 15797 7893 1 3560 620 305
34566 15764 7893 1 3560 620 314
34578 15733 7895 1 3560 620 297
34592 15701 7896 1 3560 620 313
34609 15672 7897 1 3560 620 312
34632 15645 7900 1 3580 620 315
34660 15618 7908 1 3580 620 321
34694 15592 7908 1 3580 620 305
34731 15566 7917 1 3580 620 296
34769 15540 7918 1 3580 620 309
34811 15516 7924 1 3580 620 309
34854 15492 7927 1 3580 620 317
34889 15466 7929 1 0 620 314
34917 15447 7935 1 0 620 311
34945 15428 7942 1 0 620 312
34976 15409 7947 1 0 610 302
35010 15388 7948 1 0 610 306
35048 15366 7948 1 0 610 271
35088 15344 7951 1 0 610 272
35127 15323 7952 1 0 610 281
35162 15304 7977 1 0 610 283
35194 15279 7995 1 0 610 257
35229 15252 8009 1 0 610 297
35264 15225 8024 1 0 610 298
35305 15199 8043 1 0 610 295
35346 15168 8070 1 0 610 282
35389 15132 8106 1 0 610 284
35431 15098 8136 1 0 610 296
35472 15062 8153 1 0 610 299
35509 15026 8156 1 0 610 282
35550 14987 8160 1 0 620 289
35588 14948 8160 1 0 620 286
35622 14913 8161 1 0 620 287
35655 14881 8162 1 0 620 282
35688 14851 8162 1 0 630 275
35721 14824 8165 1 0 630 285
35757 14798 8165 1 0 630 277
35797 14773 8165 1 0 630 262
35840 14747 8165 1 0 630 271
35880 14724 8166 1 3580 640 245
35923 14702 8168 1 3580 640 261
35961 14682 8171 1 3580 640 270
35993 14665 8172 1 3580 640 266
36023 14647 8173 1 3580 640 286
36047 14631 8173 1 3580 640 278
36075 14612 8174 1 3580 640 269
36105 14593 8175 1 3580 640 242
36135 14576 8176 1 3580 640 249
36161 14545 8177 1 3560 640 259
36185 14514 8178 1 3560 640 261
36214 14482 8178 1 3560 640 264
36249 14452 8179 1 3560 640 259
36282 14430 8179 1 3560 640 250
36310 14419 8181 1 3560 640 271
36332 14410 8181 1 3540 640 283
36358 14398 8181 1 3540 640 284
36388 14387 8183 1 3540 640 264
36420 14376 8185 1 3540 630 270
36452 14371 8189 1 3540 630 266
36477 14371 8195 1 3540 630 274
36502 14372 8201 1 3540 630 265
36529 14372 8206 1 3540 630 262
36557 14373 8212 1 3540 630 265
36585 14374 8217 1 3520 630 254
36616 14375 8222 1 3520 630 261
36651 14385 8231 1 3520 630 257
36686 14396 8241 1 3520 630 248
36725 14407 8250 1 3520 630 262
36763 14419 8260 1 3540 630 259
36797 14431 8270 1 3540 630 256
36832 14443 8282 1 3540 630 264
36868 14460 8301 1 3540 630 262
36905 14483 8319 1 3540 630 276
36942 14512 8339 1 3540 630 276
36978 14553 8359 1 3560 630 261
37010 14599 8379 1 3560 630 271
37040 14620 8395 1 3560 630 259
37073 14639 8413 1 3560 630 247
37108 14657 8429 1 3580 630 254
37146 14677 8448 1 3580 630 249
37188 14698 8467 1 3580 630 242
37227 14721 8486 1 3580 630 242
37268 14743 8504 1 3580 630 234
37305 14762 8518 1 3580 630 236
37336 14781 8529 1 3580 630 231
37365 14797 8541 1 3580 640 226
37389 14813 8552 1 3580 640 237
37411 14830 8563 1 3580 640 230
37433 14847 8573 1 3580 640 237
37455 14864 8584 1 3580 640 239
37482 14882 8596 1 3580 640 235
37516 14903 8607 1 3580 640 244
37559 14924 8615 1 3580 630 241
37602 14947 8624 1 3560 630 242
37642 14971 8633 1 3560 630 238
37681 14997 8640 1 3560 630 237
37715 15024 8641 1 3560 630 241
37751 15052 8642 1 3560 630 232
37784 15077 8646 1 3560 630 224
37812 15099 8646 1 3560 630 232
37838 15116 8653 1 3560 630 227
37865 15131 8665 1 3560 630 224
37891 15146 8677 1 3560 630 232
37919 15159 8687 1 3560 620 232
37951 15172 8712 1 3560 620 232
37981 15185 8738 1 3560 620 231
38008 15195 8755 1 3560 620 230
38033 15204 8766 1 3560 620 239
38054 15213 8777 1 3560 620 241
38072 15219 8787 1 3560 610 247
38088 15226 8792 1 3560 610 252
38098 15232 8796 1 3560 610 250
38107 15240 8797 1 3560 610 254
38117 15252 8798 1 3560 610 249
38128 15267 8798 1 3560 610 246
38146 15287 8799 1 3570 600 255
38164 15309 8802 1 3570 600 239
38185 15333 8802 1 3550 600 230
38208 15359 8803 1 3550 600 232
38231 15384 8803 1 3550 600 225
38252 15407 8805 1 3550 600 229
38270 15429 8807 1 3550 600 227
38286 15450 8808 1 3550 600 224
38299 15473 8810 1 3550 600 239
38311 15500 8815 1 3550 600 245
38320 15530 8817 1 3530 600 249
38326 15564 8818 1 3530 600 239
38330 15602 8821 1 3530 600 236
38333 15642 8824 1 3530 600 242
38340 15685 8825 1 3530 610 239
38353 15734 8826 1 3530 610 232
38374 15783 8830 1 3530 610 240
38400 15832 8833 1 3530 610 229
38425 15879 8834 1 3530 610 228
38448 15925 8835 1 3530 610 221
38470 15969 8841 1 3530 610 219
38489 16008 8841 1 3530 610 220
38505 16046 8842 1 3530 610 223
38519 16083 8848 1 3530 610 213
38532 16118 8851 1 3530 610 223
38546 16156 8851 1 3530 610 223
38558 16192 8858 1 3530 610 219
38570 16227 8859 1 3550 610 223
38581 16264 8861 1 3550 610 216
38590 16302 8868 1 3540 620 228
38600 16339 8870 1 3540 620 219
38608 16381 8870 1 3540 620 217
38612 16424 8871 1 3540 620 230
38616 16469 8874 1 3540 620 221
38619 16517 8877 1 3540 620 218
38622 16563 8877 1 3540 620 219
38625 16613 8877 1 3530 620 216
38623 16665 8879 1 3530 620 220
38618 16718 8880 1 3530 620 217
38612 16770 8880 1 3520 630 212
38603 16823 8880 1 3520 630 217
38596 16875 8882 1 3520 630 212
38590 16929 8883 1 3520 630 213
38585 16983 8883 1 3500 630 215
38581 17032 8885 1 3500 630 206
38579 17080 8886 1 3500 630 219
38575 17127 8886 1 3500 630 206
38572 17169 8898 1 3500 630 205
38568 17211 8920 1 3500 630 211
38563 17254 8943 1 3500 630 210
38558 17295 8966 1 3500 630 216
38555 17337 8987 1 3500 630 223
38552 17378 9007 1 3500 630 211
38550 17417 9028 1 3520 630 216
38546 17453 9049 1 3520 630 211
38541 17484 9069 1 3520 630 197
38535 17509 9085 1 3520 630 205
38527 17529 9099 1 3520 630 190
38518 17546 9105 1 3530 620 202
38507 17562 9111 1 3530 620 204
38496 17577 9117 1 3530 620 208
38487 17590 9124 1 3530 620 223
38475 17603 9129 1 3530 620 226
38462 17616 9134 1 3530 620 222
38449 17631 9142 1 3530 610 230
38433 17648 9145 1 3530 610 225
38416 17665 9153 1 3530 620 229
38401 17683 9166 1 3530 620 232
38384 17703 9178 1 3530 620 226
38369 17725 9191 1 3530 620 240
38352 17749 9204 1 3530 620 239
38334 17788 9214 1 3530 620 229
38317 17826 9222 1 3530 620 232
38301 17863 9227 1 3530 620 234
38284 17895 9227 1 3510 620 231
38269 17927 9227 1 3510 620 225
38254 17953 9227 1 3510 620 219
38238 17972 9228 1 3510 620 230
38222 17990 9230 1 3510 620 228
38205 18006 9231 1 3510 620 224
38187 18023 9239 1 3500 630 243
38164 18038 9246 1 3500 630 242
38133 18055 9262 1 3520 630 247
38098 18072 9285 1 3520 630 249
38063 18087 9310 1 3520 630 247
38028 18102 9342 1 3520 630 250
37996 18116 9380 1 3520 630 244
37964 18127 9415 1 3520 630 232
37928 18136 9452 1 3520 630 236
37890 18143 9492 1 3540 630 230
37852 18148 9531 1 3540 630 237
37816 18152 9566 1 3540 630 240
37781 18157 9602 1 3540 630 238
37746 18163 9638 1 3540 630 247
37705 18168 9679 1 3540 630 245
37657 18175 9724 1 3540 630 243
37623 18180 9741 1 3540 630 245
37593 18185 9747 1 3540 630 249
37565 18192 9755 1 3540 630 257
37538 18198 9762 1 3540 630 257
37511 18205 9771 1 3540 630 249
37483 18212 9778 1 3540 630 262
37455 18219 9786 1 3540 630 257
37429 18227 9794 1 3540 630 258
37400 18234 9802 1 3540 630 263
37373 18243 9808 1 3560 630 258
37341 18252 9809 1 3560 630 265
37302 18263 9809 1 3560 630 272
37261 18272 9809 1 3560 630 260
37217 18282 9810 1 3560 630 275
37178 18291 9810 1 3560 630 276
37141 18302 9810 1 3560 630 275
37104 18315 9811 1 3560 630 278
37067 18327 9811 1 3560 630 272
37026 18340 9811 1 3560 630 272
36989 18351 9812 1 3560 630 271
36955 18363 9812 1 3560 630 264
36926 18374 9813 1 3560 630 274
36899 18386 9815 1 3560 630 269
36871 18397 9816 1 3560 630 272
36838 18408 9818 1 3560 630 274
36803 18418 9819 1 3560 630 275
36768 18428 9822 1 3580 640 279
36740 18435 9823 1 3580 640 280
36712 18440 9824 1 3580 640 277
36688 18444 9827 1 3580 640 285
36657 18447 9829 1 3580 640 284
36625 18449 9830 1 3580 640 288
36586 18450 9832 1 3580 640 303
36550 18451 9839 1 3560 640 294
36517 18452 9849 1 3560 640 296
36485 18452 9860 1 3560 640 304
36454 18451 9869 1 3560 640 296
36422 18447 9879 1 3540 640 300
36388 18442 9887 1 3540 640 296
36357 18437 9896 1 3540 640 296
36325 18432 9905 1 3540 640 300
36295 18425 9913 1 3540 640 287
36267 18417 9920 1 3540 640 291
36239 18408 9928 1 3540 640 286
36212 18397 9934 1 3540 640 288
36183 18385 9941 1 3520 640 292
36150 18371 9948 1 3520 640 288
36114 18358 9955 1 3520 640 293
36077 18342 9963 1 3520 640 292
36035 18325 9969 1 3540 640 278
35991 18307 9976 1 3540 640 282
35943 18289 9980 1 3540 640 279
35884 18268 9986 1 3540 640 268
35827 18246 9999 1 3540 640 281
35772 18221 10012 1 3560 640 271
35721 18194 10024 1 3560 640 277
35672 18165 10036 1 3560 640 269
35623 18133 10041 1 3560 630 283
35570 18099 10049 1 3560 630 268
35515 18067 10049 1 3580 630 290
35460 18036 10050 1 3580 630 256
35398 18000 10051 1 3580 630 274
35330 17960 10051 1 3580 630 249
35266 17919 10052 1 0 630 250
35208 17876 10055 1 0 630 241
35156 17829 10055 1 0 630 251
35108 17780 10056 1 0 630 266
35065 17734 10059 1 0 630 255
35025 17689 10064 1 0 630 270
34991 17655 10064 1 0 630 266
34962 17622 10069 1 0 630 286
34923 17593 10070 1 0 630 295
34880 17565 10071 1 0 630 283
34841 17538 10073 1 0 630 306
34812 17513 10075 1 0 630 292
34787 17486 10076 1 0 630 302
34767 17462 10078 1 0 630 286
34753 17439 10080 1 0 630 289
34739 17417 10082 1 0 630 285
34732 17396 10084 1 20 630 279
34729 17373 10085 1 20 630 283
34729 17351 10086 1 20 630 272
34730 17328 10086 1 20 620 283
34731 17307 10087 1 20 620 291
34732 17285 10087 1 20 620 278
34736 17261 10088 1 20 620 291
34740 17235 10089 1 20 620 284
34741 17205 10091 1 20 620 287
34742 17177 10091 1 20 620 284
34743 17143 10093 1 20 620 274
34742 17106 10095 1 20 620 277
34729 17067 10098 1 20 630 277
34713 17025 10099 1 20 630 292
34694 16981 10099 1 20 630 277
34675 16937 10103 1 20 640 286
34659 16883 10104 1 20 640 297
34646 16829 10104 1 20 640 290
34635 16776 10104 1 20 640 290
34623 16725 10107 1 20 650 283
34611 16674 10107 1 20 650 282
34601 16625 10109 1 20 650 250
34592 16577 10125 1 20 650 292
34588 16527 10141 1 20 650 271
34588 16480 10158 1 20 660 292
34588 16431 10174 1 0 660 285
34587 16385 10190 1 0 660 286
34587 16339 10205 1 0 660 298
34587 16293 10223 1 0 660 307
34588 16248 10242 1 0 660 288
34593 16203 10262 1 0 650 284
34599 16159 10281 1 0 650 271
34606 16117 10291 1 0 650 283
34614 16075 10301 1 0 650 278
34627 16032 10312 1 0 650 272
34644 15991 10320 1 0 640 278
34665 15956 10321 1 0 640 283
34690 15922 10324 1 0 640 295
34719 15890 10326 1 0 640 307
34756 15855 10327 1 0 640 289
34802 15820 10328 1 0 640 293
34848 15785 10333 1 0 640 301
34896 15750 10334 1 0 640 295
34934 15716 10338 1 0 640 286
34955 15681 10341 1 20 640 291
34976 15647 10342 1 20 640 291
34994 15606 10352 1 20 630 283
35011 15560 10377 1 40 630 293
35029 15515 10400 1 40 630 296
35050 15471 10424 1 40 630 305
35074 15428 10446 1 40 630 297
35100 15392 10466 1 40 630 320
35130 15360 10469 1 40 630 319
35163 15331 10473 1 40 630 305
35198 15306 10476 1 40 630 321
35235 15281 10478 1 40 630 288
35271 15253 10483 1 20 630 324
35310 15221 10487 1 20 630 318
35346 15186 10490 1 20 630 296
35381 15156 10498 1 20 620 303
35413 15127 10505 1 20 620 291
35443 15101 10511 1 20 620 297
35471 15076 10513 1 20 620 293
35502 15052 10520 1 20 630 293
35530 15026 10534 1 0 630 291
35561 14997 10537 1 0 630 285
35595 14968 10543 1 0 630 273
35632 14943 10552 1 0 640 291
35669 14922 10552 1 0 640 283
35706 14905 10568 1 0 640 280
35741 14889 10568 1 0 640 298
35775 14875 10571 1 0 650 292
35808 14865 10580 1 0 650 298
35842 14855 10582 1 0 650 289
35882 14845 10593 1 0 660 288
35920 14835 10594 1 0 660 279
35955 14825 10597 1 0 660 282
35993 14813 10602 1 0 660 276
36029 14802 10606 1 0 660 275
36063 14790 10610 1 3580 660 273
36105 14778 10626 1 3580 660 289
36144 14764 10639 1 3580 660 288
36184 14751 10650 1 3580 660 279
36227 14736 10659 1 3580 660 288
36269 14723 10668 1 3580 660 284
36309 14710 10676 1 3580 660 285
36343 14697 10683 1 3560 660 304
36374 14687 10690 1 3560 660 310
36400 14676 10697 1 3560 660 310
36426 14655 10707 1 3560 660 303
36455 14630 10717 1 3560 660 296
36485 14607 10726 1 3560 660 302
36521 14592 10738 1 3560 650 289
36561 14580 10750 1 3560 650 285
36605 14570 10761 1 3560 650 277
36647 14566 10781 1 3560 650 273
36686 14567 10814 1 3560 650 279
36722 14571 10826 1 3560 650 279
36757 14578 10832 1 3560 650 269
36789 14585 10835 1 3560 640 272
36825 14594 10848 1 3560 640 264
36865 14602 10852 1 3580 640 267
36905 14612 10855 1 3580 640 266
36942 14629 10858 1 3580 640 268
36979 14648 10858 1 3580 640 270
37015 14669 10859 1 3580 640 274
37052 14691 10861 1 0 640 264
37093 14704 10874 1 0 640 276
37141 14716 10876 1 0 640 266
37185 14735 10885 1 0 640 274
37228 14758 10900 1 0 640 269
37270 14781 10912 1 0 640 267
37305 14802 10922 1 0 640 246
37338 14819 10923 1 0 650 247
37370 14835 10925 1 0 650 245
37399 14851 10935 1 0 650 245
37429 14868 10956 1 0 650 248
37461 14883 10969 1 0 650 249
37500 14898 10970 1 0 650 250
37544 14914 10977 1 0 650 251
37592 14933 10982 1 0 650 257
37642 14955 10996 1 0 650 244
37697 14978 11000 1 0 640 245
37749 15004 11012 1 3580 640 253
37802 15031 11017 1 3580 640 244
37851 15054 11026 1 3580 640 249
37894 15075 11037 1 3580 640 241
37936 15096 11039 1 3580 640 245
37971 15115 11042 1 3580 630 254
38003 15137 11050 1 3580 630 265
38036 15159 11061 1 3580 630 262
38069 15183 11062 1 3580 620 265
38107 15207 11065 1 3560 620 264
38143 15232 11074 1 3560 620 259
38178 15259 11081 1 3560 610 255
38210 15285 11092 1 3560 610 232
38240 15312 11094 1 3560 610 239
38276 15335 11097 1 3550 610 232
38320 15360 11109 1 3550 610 222
38357 15385 11112 1 3550 610 223
38391 15404 11124 1 3550 600 222
38426 15422 11131 1 3550 600 224
38455 15441 11136 1 3550 610 222
38482 15459 11143 1 3550 610 201
38503 15478 11149 1 3550 610 208
38521 15497 11150 1 3550 610 204
38536 15517 11153 1 3550 610 201
38548 15538 11153 1 3550 610 191
38555 15559 11155 1 3550 610 184
38561 15581 11161 1 3550 610 186
38565 15607 11174 1 3550 610 182
38568 15637 11176 1 3550 610 175
38571 15673 11185 1 3550 610 183
38573 15710 11196 1 3550 610 183
38574 15750 11197 1 3540 620 179
38577 15795 11201 1 3540 620 191
38579 15841 11206 1 3540 620 176
38580 15892 11207 1 3540 620 185
38580 15945 11210 1 3540 620 177
38579 15998 11210 1 3540 620 177
38577 16054 11214 1 3540 620 186
38578 16106 11217 1 3530 620 182
38577 16163 11219 1 3530 620 176
38575 16219 11226 1 3530 620 184
38574 16280 11231 1 3530 620 187
38572 16347 11233 1 3530 620 198
38569 16423 11245 1 3520 630 195
38568 16503 11257 1 3500 630 195
38569 16586 11258 1 3500 630 206
38570 16670 11260 1 3500 630 198
38569 16752 11268 1 3500 630 191
38566 16826 11281 1 3500 630 193
38558 16887 11290 1 3500 630 189
38548 16938 11292 1 3500 640 196
38540 16986 11298 1 3500 640 193
38528 17036 11305 1 3500 640 194
38518 17087 11306 1 3500 640 201
38505 17142 11308 1 3500 640 198
38487 17194 11309 1 3500 640 193
38469 17237 11310 1 3500 640 199
38447 17277 11311 1 3500 640 195
38421 17316 11366 1 3500 640 196
38397 17350 11415 1 3500 640 201
38372 17382 11463 1 3520 640 196
38348 17410 11503 1 3520 630 204
38328 17433 11533 1 3520 630 198
38305 17455 11564 1 3520 630 201
38284 17477 11593 1 3520 630 215
38263 17499 11618 1 3520 630 211
38247 17527 11633 1 3520 630 217
38231 17556 11649 1 3520 630 216
38213 17584 11663 1 3530 620 206
38195 17612 11679 1 3530 620 223
38177 17640 11696 1 3530 620 217
38161 17667 11712 1 3530 620 215
38142 17698 11723 1 3530 620 219
38125 17727 11735 1 3530 620 215
38107 17752 11745 1 3530 620 215
38089 17776 11756 1 3530 620 216
38070 17797 11766 1 3530 620 206
38049 17814 11778 1 3530 620 214
38027 17831 11789 1 3530 620 208
38003 17845 11802 1 3540 620 214
37982 17859 11812 1 3540 630 217
37962 17873 11822 1 3540 630 210
37940 17891 11833 1 3540 630 221
37919 17913 11846 1 3540 630 220
37897 17938 11858 1 3540 630 219
37872 17969 11873 1 3540 630 228
37846 18002 11888 1 3560 630 223
37816 18039 11906 1 3560 630 221
37782 18077 11924 1 3560 630 224
37747 18114 11939 1 3560 630 211
37714 18149 11952 1 3560 630 211
37685 18180 11964 1 3560 630 209
37662 18208 11973 1 3560 640 193
37640 18232 11988 1 3560 640 200
37621 18253 11996 1 3580 640 194
37602 18269 11997 1 3580 640 203
37583 18282 11999 1 3580 640 209
37562 18292 12002 1 3580 640 213
37541 18300 12003 1 3580 640 229
37517 18309 12003 1 3580 640 235
37492 18317 12006 1 3580 640 237
37467 18323 12007 1 3580 640 249
37439 18330 12009 1 3580 640 241
37408 18335 12010 1 3580 640 241
37375 18341 12012 1 3580 640 241
37341 18345 12012 1 3580 640 236
37305 18350 12014 1 3580 640 239
37270 18354 12016 1 3580 640 234
37229 18356 12017 1 3580 640 230
37188 18357 12017 1 3580 640 231
37140 18357 12017 1 3580 640 223
37088 18357 12022 1 0 640 228
37037 18357 12023 1 0 640 230
36985 18356 12027 1 0 640 237
36935 18356 12027 1 0 640 244
36886 18355 12027 1 0 640 249
36836 18351 12030 1 0 640 249
36788 18349 12030 1 0 640 263
36740 18346 12031 1 0 640 256
36692 18343 12032 1 0 640 268
36640 18341 12035 1 0 640 266
36582 18337 12036 1 0 640 258
36518 18333 12037 1 0 640 258
36450 18329 12037 1 0 640 253
36380 18324 12038 1 0 640 237
36316 18318 12040 1 0 640 238
36256 18313 12041 1 0 640 248
36205 18307 12041 1 0 640 241
36162 18300 12042 1 3580 640 232
36122 18292 12043 1 3580 640 235
36090 18282 12043 1 3580 640 241
36063 18271 12049 1 3580 640 262
36038 18256 12054 1 3580 640 249
36017 18238 12054 1 3560 640 256
35993 18216 12055 1 3560 640 247
35964 18190 12055 1 3560 640 259
35935 18163 12056 1 3560 640 258
35901 18137 12057 1 3560 650 248
35867 18111 12057 1 3560 650 274
35831 18086 12058 1 3580 650 267
35791 18063 12059 1 3580 650 268
35753 18041 12059 1 3580 650 270
35718 18016 12061 1 3580 650 252
35683 17989 12063 1 3580 650 270
35652 17957 12064 1 0 650 255
35621 17923 12066 1 0 650 244
35590 17888 12069 1 0 650 268
35559 17850 12074 1 0 650 281
35531 17812 12076 1 0 650 274
35498 17772 12076 1 0 640 282
35463 17733 12077 1 0 640 275
35428 17704 12077 1 0 640 257
35383 17676 12078 1 0 640 268
35342 17646 12080 1 0 640 267
35305 17618 12080 1 0 640 264
35271 17589 12080 1 0 640 264
35240 17561 12082 1 0 640 244
35211 17535 12085 1 0 640 255
35188 17508 12085 1 0 640 242
35167 17480 12088 1 20 640 265
35147 17453 12089 1 20 640 274
35133 17425 12092 1 20 640 266
35118 17395 12093 1 20 640 274
35107 17366 12095 1 20 640 283
35095 17339 12098 1 20 640 283
35083 17314 12099 1 40 640 290
35071 17291 12102 1 40 640 276
35059 17269 12102 1 40 640 252
35048 17247 12108 1 40 640 252
35038 17226 12111 1 40 640 243
35030 17207 12111 1 40 630 255
35020 17186 12112 1 40 630 249
35009 17164 12112 1 40 630 247
34998 17139 12112 1 40 630 247
34983 17113 12112 1 40 630 252
34957 17090 12119 1 40 630 262
34927 17067 12130 1 40 630 245
34899 17047 12139 1 60 640 261
34879 17022 12146 1 60 640 264
34860 16996 12153 1 60 640 277
34847 16968 12156 1 60 650 250
34837 16937 12156 1 60 650 272
34824 16906 12157 1 60 650 255
34814 16877 12158 1 70 660 267
34803 16850 12161 1 70 660 260
34791 16816 12172 1 70 660 269
34776 16787 12182 1 70 660 266
34759 16756 12190 1 70 670 257
34745 16722 12199 1 70 670 250
34734 16684 12205 1 70 670 257
34725 16643 12209 1 70 670 253
34719 16600 12215 1 70 670 255
34711 16555 12220 1 70 670 276
34706 16510 12226 1 70 670 271
34700 16464 12231 1 70 670 288
34695 16421 12250 1 70 670 294
34694 16375 12280 1 70 670 284
34693 16346 12303 1 70 670 283
34694 16321 12327 1 70 670 282
34695 16299 12362 1 70 660 291
34698 16276 12396 1 70 660 250
34718 16240 12436 1 70 660 244
34746 16198 12480 1 70 660 241
34778 16151 12523 1 70 660 243
34812 16097 12558 1 60 650 238
34848 16043 12571 1 60 650 274
34881 15990 12572 1 60 650 240
34909 15942 12574 1 60 650 262
34929 15892 12576 1 60 650 258
34952 15841 12578 1 60 650 282
34972 15797 12578 1 60 650 269
34984 15755 12580 1 60 650 266
34999 15716 12580 1 60 650 281
35016 15680 12581 1 60 640 267
35037 15644 12583 1 60 640 268
35059 15610 12587 1 60 640 274
35084 15573 12591 1 60 640 273
35108 15539 12596 1 60 640 265
35128 15507 12598 1 60 640 272
35146 15476 12606 1 60 640 251
35162 15446 12607 1 60 640 275
35179 15417 12615 1 60 640 269
35195 15393 12618 1 40 640 249
35214 15366 12623 1 40 640 260
35236 15340 12631 1 40 640 262
35262 15318 12632 1 40 640 252
35291 15294 12633 1 40 640 284
35326 15270 12633 1 40 630 272
35366 15247 12638 1 40 630 272
35407 15225 12638 1 20 630 267
35448 15202 12646 1 20 630 264
35480 15179 12652 1 20 630 269
35511 15157 12653 1 20 630 268
35543 15134 12655 1 20 630 263
35580 15112 12656 1 20 630 263
35617 15092 12657 1 20 630 257
35656 15071 12658 1 0 630 259
35693 15049 12661 1 0 630 252
35727 15020 12663 1 0 640 237
35760 14990 12666 1 0 640 250
35795 14957 12669 1 0 640 240
35830 14926 12670 1 0 650 232
35867 14893 12675 1 0 650 243
35908 14864 12675 1 0 660 238
35952 14837 12676 1 0 660 245
36001 14809 12678 1 0 660 236
36051 14783 12681 1 0 670 234
36100 14760 12681 1 0 670 236
36145 14738 12682 1 0 670 235
36189 14720 12683 1 3580 670 235
36233 14703 12686 1 3580 670 235
36276 14690 12690 1 3580 670 236
36321 14677 12692 1 3580 670 240
36369 14662 12692 1 3580 670 243
36416 14653 12702 1 3550 670 236
36459 14645 12710 1 3550 670 252
36502 14636 12712 1 3550 670 250
36540 14619 12717 1 3560 660 247
36578 14600 12721 1 3560 660 249
36615 14583 12722 1 3530 660 243
36658 14569 12726 1 3530 660 253
36699 14566 12727 1 3530 660 248
36736 14565 12733 1 3530 660 242
36774 14566 12742 1 3530 660 248
36808 14567 12745 1 3530 660 246
36840 14572 12748 1 3560 660 242
36872 14583 12750 1 3560 660 243
36905 14597 12756 1 3560 650 236
36938 14614 12757 1 3560 650 235
36974 14632 12760 1 3580 660 231
37007 14652 12762 1 3580 660 222
37047 14667 12766 1 3580 660 229
37096 14680 12766 1 3580 660 218
37148 14693 12769 1 0 660 212
37204 14704 12770 1 0 660 224
37263 14714 12773 1 0 660 220
37326 14717 12782 1 0 660 224
37394 14717 12784 1 0 660 227
37454 14717 12785 1 0 660 217
37503 14723 12791 1 0 660 231
37547 14728 12792 1 0 660 243
37577 14749 12795 1 0 660 244
37600 14772 12797 1 0 660 245
37622 14795 12798 1 0 660 234
37641 14815 12800 1 0 660 241
37661 14836 12802 1 0 660 239
37682 14861 12805 1 3580 660 225
37704 14889 12813 1 3580 660 228
37730 14916 12826 1 3580 660 223
37757 14943 12841 1 3580 650 216
37783 14973 12867 1 3560 650 218
37808 15003 12894 1 3560 650 225
37834 15036 12924 1 3560 650 222
37857 15069 12952 1 3560 650 230
37878 15103 12979 1 3560 650 223
37901 15144 13009 1 3560 640 219
37923 15170 13032 1 3560 640 223
37946 15189 13054 1 3560 630 217
37966 15209 13068 1 3560 630 221
37988 15229 13084 1 3560 630 210
38025 15248 13094 1 3540 630 216
38065 15268 13098 1 3540 620 205
38106 15294 13098 1 3540 620 193
38150 15321 13100 1 3540 620 195
38188 15353 13116 1 3540 620 188
38221 15385 13137 1 3540 620 176
38253 15419 13159 1 3540 620 177
38280 15455 13185 1 3530 620 179
38305 15491 13210 1 3530 610 185
38326 15530 13237 1 3530 610 184
38346 15571 13267 1 3530 620 184
38366 15617 13299 1 3530 620 196
38380 15675 13345 1 3530 620 189
38390 15744 13402 1 3510 620 191
38397 15816 13461 1 3510 620 190
38402 15883 13504 1 3500 630 181
38405 15944 13534 1 3500 630 177
38410 16007 13563 1 3500 630 179
38416 16074 13583 1 3500 630 176
38425 16144 13591 1 3500 630 186
38441 16214 13592 1 3500 630 182
38460 16284 13593 1 3500 630 184
38483 16357 13596 1 3500 630 185
38507 16426 13596 1 3500 630 175
38528 16498 13597 1 3500 630 182
38547 16569 13601 1 3500 630 178
38559 16638 13609 1 3500 640 173
38568 16705 13619 1 3500 640 184
38577 16768 13629 1 3500 640 177
38583 16834 13641 1 3500 640 183
38586 16902 13659 1 3500 640 189
38589 16970 13678 1 3500 640 189
38589 17037 13697 1 3500 640 194
38589 17103 13712 1 3490 650 189
38589 17162 13723 1 3490 650 195
38589 17217 13737 1 3490 650 201
38587 17270 13751 1 3490 650 192
38582 17320 13766 1 3490 650 192
38577 17370 13773 1 3490 650 201
38573 17406 13779 1 3490 650 194
38568 17445 13779 1 3490 650 187
38562 17488 13780 1 3490 650 185
38557 17532 13781 1 3500 640 184
38550 17573 13782 1 3500 640 189
38544 17616 13783 1 3500 640 185
38539 17655 13784 1 3500 640 187
38531 17697 13787 1 3500 640 191
38522 17736 13788 1 3500 640 184
38512 17772 13789 1 3500 640 190
38500 17806 13791 1 3500 640 190
38487 17835 13792 1 3500 630 183
38474 17860 13794 1 3500 630 188
38458 17890 13794 1 3500 630 180
38442 17920 13794 1 3500 630 188
38426 17946 13795 1 3500 630 201
38405 17972 13796 1 3500 640 192
38383 17995 13796 1 3500 640 211
38358 18014 13797 1 3500 640 213
38328 18029 13797 1 3500 640 216
38298 18043 13800 1 3500 640 219
38267 18052 13800 1 3500 640 214
38235 18061 13803 1 3500 640 220
38203 18068 13806 1 3500 640 219
38182 18077 13815 1 3500 640 214
38159 18084 13817 1 3520 640 222
38136 18091 13819 1 3520 640 221
38109 18100 13820 1 3520 640 223
38076 18110 13827 1 3520 640 230
38040 18122 13832 1 3520 640 221
37996 18138 13834 1 3520 640 218
37947 18152 13836 1 3520 640 215
37896 18164 13838 1 3540 640 204
37844 18175 13843 1 3540 640 197
37807 18182 13845 1 3540 640 181
37771 18188 13848 1 3540 640 184
37734 18195 13851 1 3540 640 188
37697 18200 13852 1 3560 640 186
37656 18204 13852 1 3560 640 193
37614 18210 13855 1 3560 640 210
37571 18214 13860 1 3560 640 209
37530 18217 13861 1 3560 640 224
37489 18219 13862 1 3560 640 216
37450 18220 13862 1 3580 640 205
37410 18223 13868 1 3580 640 203
37371 18225 13872 1 3580 640 193
37332 18227 13880 1 3580 640 189
37295 18228 13881 1 3580 640 188
37263 18229 13891 1 3580 640 198
37233 18229 13891 1 3580 640 212
37204 18229 13901 1 3580 640 211
37174 18231 13902 1 3580 640 212
37138 18234 13911 1 0 640 215
37099 18239 13915 1 0 640 206
37059 18246 13927 1 0 640 212
37018 18253 13930 1 0 640 211
36986 18257 13939 1 0 640 204
36956 18260 13951 1 0 640 208
36929 18261 13957 1 0 640 207
36905 18261 13963 1 0 640 206
36881 18262 13973 1 0 640 212
36858 18262 13985 1 0 640 222
36836 18264 13989 1 0 640 236
36813 18268 13994 1 0 640 236
36785 18275 14005 1 0 640 235
36756 18283 14014 1 0 640 242
36725 18293 14025 1 0 650 235
36689 18303 14032 1 0 650 238
36654 18313 14035 1 0 650 239
36619 18324 14048 1 0 650 225
36582 18337 14060 1 0 650 234
36547 18345 14069 1 0 650 230
36514 18352 14072 1 0 650 207
36480 18355 14083 1 0 650 208
36444 18358 14094 1 0 650 198
36404 18358 14101 1 0 650 204
36360 18357 14104 1 0 650 211
36314 18356 14115 1 0 650 213
36268 18355 14126 1 0 650 217
36222 18354 14131 1 3580 650 241
36176 18349 14136 1 3580 650 226
36134 18337 14145 1 3580 660 222
36092 18324 14151 1 3560 660 221
36050 18310 14156 1 3560 660 221
36012 18295 14163 1 3560 660 242
35975 18280 14165 1 3560 660 245
35929 18264 14172 1 3580 660 249
35881 18247 14175 1 3580 660 258
35830 18228 14177 1 3580 660 242
35773 18207 14182 1 3580 660 249
35723 18184 14184 1 3580 660 241
35677 18160 14185 1 3580 660 228
35633 18132 14188 1 0 660 237
35593 18105 14191 1 0 660 218
35555 18073 14193 1 0 660 207
35520 18039 14193 1 0 660 241
35489 18004 14194 1 0 660 215
35458 17964 14194 1 0 660 249
35426 17921 14203 1 0 660 268
35387 17872 14203 1 0 660 275
35344 17821 14205 1 0 660 298
35304 17770 14205 1 0 660 296
35267 17723 14207 1 0 660 305
35228 17682 14207 1 0 660 306
35196 17652 14208 1 20 660 278
35163 17621 14209 1 20 660 278
35137 17596 14209 1 20 660 268
35115 17571 14209 1 20 660 255
35097 17544 14210 1 20 660 243
35081 17515 14210 1 40 650 244
35065 17484 14210 1 40 650 254
35049 17451 14210 1 40 650 272
35032 17419 14211 1 40 650 268
35002 17383 14212 1 40 650 272
34967 17351 14212 1 40 650 274
34925 17320 14212 1 60 650 278
34888 17292 14212 1 60 650 266
34850 17276 14217 1 60 650 250
34812 17260 14218 1 60 650 264
34780 17240 14219 1 60 650 250
34751 17218 14220 1 60 650 232
34728 17190 14220 1 60 650 249
34711 17160 14221 1 60 640 264
34698 17127 14223 1 60 640 260
34690 17090 14223 1 60 640 291
34681 17065 14223 1 60 650 261
34675 17034 14223 1 60 650 262
34669 17002 14227 1 60 650 266
34661 16972 14228 1 90 650 254
34651 16941 14229 1 90 660 255
34639 16913 14229 1 90 660 262
34627 16885 14229 1 90 660 275
34616 16853 14229 1 90 660 269
34608 16819 14230 1 90 670 279
34604 16786 14230 1 90 670 261
34599 16754 14231 1 90 670 283
34598 16724 14232 1 90 670 256
34597 16693 14233 1 90 670 267
34597 16665 14234 1 90 670 292
34603 16636 14235 1 100 680 272
34618 16600 14237 1 100 680 276
34635 16557 14237 1 100 680 267
34653 16514 14238 1 100 680 256
34669 16473 14238 1 100 680 265
34685 16430 14240 1 90 670 238
34698 16395 14240 1 90 670 248
34709 16361 14240 1 90 670 248
34719 16326 14242 1 90 670 258
34727 16290 14242 1 90 670 272
34742 16248 14243 1 70 660 269
34766 16197 14243 1 70 660 270
34797 16142 14244 1 70 660 289
34842 16085 14244 1 70 660 302
34900 16028 14244 1 70 660 294
34958 15965 14245 1 60 650 299
34989 15929 14245 1 60 650 295
35018 15895 14245 1 60 650 308
35045 15850 14247 1 60 650 295
35071 15798 14247 1 60 650 314
35095 15751 14247 1 60 650 314
35122 15711 14248 1 40 640 306
35150 15671 14248 1 40 640 298
35180 15630 14249 1 40 640 292
35210 15587 14250 1 40 640 272
35238 15542 14250 1 40 640 281
35265 15497 14251 1 40 640 283
35295 15444 14251 1 40 640 286
35333 15389 14254 1 40 640 296
35372 15334 14256 1 40 640 283
35409 15287 14256 1 20 640 297
35441 15242 14256 1 20 640 318
35473 15199 14259 1 20 640 326
35509 15162 14259 1 20 640 333
35549 15126 14260 1 20 640 320
35588 15094 14260 1 0 630 336
35627 15062 14261 1 0 630 332
35664 15026 14261 1 0 630 332
35697 14993 14262 1 0 630 334
35725 14960 14263 1 0 630 312
35757 14925 14265 1 0 630 334
35790 14895 14265 1 0 630 336
35826 14858 14265 1 0 630 320
35859 14824 14266 1 0 640 332
35885 14797 14266 1 0 640 325
35909 14768 14267 1 0 640 322
35941 14737 14267 1 0 640 319
35979 14709 14267 1 0 650 312
36017 14681 14268 1 0 650 303
36053 14650 14269 1 0 650 295
36089 14622 14269 1 3580 660 283
36124 14592 14269 1 3580 660 304
36162 14560 14269 1 3580 660 328
36201 14527 14273 1 3580 660 306
36237 14497 14273 1 3580 660 338
36271 14471 14274 1 3580 660 327
36298 14448 14276 1 3580 660 327
36324 14428 14276 1 3580 660 296
36352 14410 14279 1 3560 660 266
36380 14395 14282 1 3560 660 240
36405 14385 14283 1 3560 660 208
36432 14378 14284 1 3560 660 177
36470 14370 14284 1 3560 660 147
36520 14364 14284 1 3560 660 89
36589 14359 14285 1 3560 660 46
36673 14352 14285 1 3530 660 21
