38050 7505 333 1 1880 700 70
38055 7505 334 1 1880 700 202
38056 7505 335 1 1880 700 294
38057 7504 335 1 1880 700 356
38058 7509 337 1 1880 700 397
38059 7514 338 1 1890 710 423
38060 7519 339 1 1890 710 436
38062 7524 340 1 1890 710 449
38064 7533 340 1 1890 710 455
38065 7546 341 1 1890 710 454
38065 7560 343 1 1890 710 457
38064 7577 347 1 1890 710 487
38062 7595 349 1 1890 710 512
38060 7620 356 1 1890 710 519
38054 7648 357 1 1890 710 541
38042 7682 365 1 1890 710 555
38029 7720 366 1 1890 710 577
38015 7760 374 1 1910 710 571
37997 7800 380 1 1910 710 583
37978 7839 383 1 1910 700 581
37960 7880 392 1 1910 700 598
37942 7930 393 1 1910 700 598
37917 7980 402 1 1910 700 603
37884 8035 403 1 1880 700 611
37840 8090 413 1 1880 700 621
37805 8145 414 1 1880 700 631
37769 8199 422 1 1880 700 639
37724 8252 427 1 1880 690 636
37677 8302 430 1 1880 690 641
37629 8349 438 1 1880 690 654
37580 8390 441 1 1880 690 632
37530 8428 449 1 1880 690 645
37477 8462 461 1 1880 690 651
37419 8494 462 1 1880 690 652
37352 8528 462 1 1850 680 658
37279 8563 463 1 1850 680 653
37199 8602 464 1 1850 680 657
37112 8639 464 1 1850 680 669
37023 8676 466 1 1820 680 669
36938 8716 469 1 1820 680 686
36867 8754 471 1 1820 680 678
36799 8789 480 1 1820 670 689
36732 8829 485 1 1820 670 686
36666 8874 496 1 1820 670 682
36601 8912 502 1 1820 680 681
36531 8946 509 1 1820 680 681
36458 8973 522 1 1820 680 682
36378 8997 529 1 1820 680 687
36292 9019 538 1 1820 680 692
36200 9044 545 1 1830 690 690
36099 9068 555 1 1830 690 693
36003 9092 556 1 1830 690 697
35902 9111 569 1 1830 700 710
35805 9127 569 1 1830 700 709
35712 9140 583 1 1830 700 712
35611 9148 587 1 1830 710 720
35518 9153 596 1 1830 710 716
35423 9155 601 1 1830 710 737
35329 9157 604 1 1830 720 729
35229 9160 605 1 1830 720 740
35123 9164 606 1 1800 720 746
35021 9167 609 1 1800 730 744
34923 9168 614 1 1800 730 744
34831 9169 618 1 1800 730 757
34745 9167 623 1 1800 730 751
34665 9163 623 1 1770 730 756
34589 9155 623 1 1770 730 768
34494 9143 627 1 1770 730 758
34401 9127 632 1 1730 730 765
34317 9107 637 1 1730 730 765
34239 9086 639 1 1730 730 770
34164 9060 639 1 1700 730 768
34076 9026 641 1 1700 730 765
33995 8986 645 1 1700 730 774
33924 8935 649 1 1700 730 769
33865 8873 653 1 1700 730 765
33812 8811 653 1 1700 730 772
33765 8741 657 1 1710 720 777
33707 8687 657 1 1710 720 770
33631 8635 657 1 1710 720 772
33573 8575 658 1 1710 710 766
33528 8510 658 1 1710 710 767
33496 8433 659 1 1710 710 765
33472 8351 665 1 1710 710 760
33453 8262 697 1 1710 710 767
33436 8163 712 1 1720 700 764
33420 8084 718 1 1690 700 760
33404 8011 724 1 1690 700 770
33389 7943 728 1 1690 700 765
33375 7877 738 1 1690 700 768
33362 7813 749 1 1660 700 773
33351 7744 764 1 1660 700 770
33343 7667 776 1 1660 700 768
33337 7588 788 1 1620 710 769
33335 7506 796 1 1620 710 761
33334 7421 805 1 1620 710 765
33334 7330 814 1 1610 720 763
33334 7236 825 1 1610 720 764
33338 7141 831 1 1570 730 773
33343 7044 839 1 1570 730 772
33349 6950 845 1 1550 740 775
33358 6860 851 1 1550 740 779
33367 6777 856 1 1550 740 782
33379 6695 862 1 1520 730 778
33396 6615 868 1 1520 730 775
33416 6534 875 1 1510 740 760
33444 6455 879 1 1510 740 753
33478 6377 884 1 1510 740 753
33521 6298 887 1 1540 740 757
33575 6222 893 1 1540 740 755
33646 6145 896 1 1540 740 757
33695 6074 917 1 1540 740 754
33754 6002 941 1 1540 740 744
33824 5934 966 1 1540 740 743
33904 5870 992 1 1570 750 741
33987 5811 1012 1 1570 750 726
34065 5755 1027 1 1570 750 724
34141 5698 1038 1 1570 750 715
34219 5649 1049 1 1610 750 708
34286 5602 1067 1 1610 750 708
34359 5558 1089 1 1610 750 702
34440 5518 1109 1 1630 760 708
34531 5475 1134 1 1630 760 701
34627 5431 1160 1 1630 760 690
34729 5342 1185 1 1630 760 690
34818 5245 1201 1 1620 770 690
34895 5165 1214 1 1620 770 658
34977 5103 1225 1 1620 770 656
35059 5053 1241 1 1580 770 638
35145 5015 1255 1 1600 780 625
35234 4983 1271 1 1600 780 620
35322 4957 1292 1 1600 780 614
35408 4936 1313 1 1580 790 609
35494 4921 1336 1 1580 790 610
35579 4907 1360 1 1580 790 602
35658 4896 1376 1 1560 800 610
35733 4885 1393 1 1560 800 607
35811 4876 1410 1 1620 810 613
35884 4869 1435 1 1620 810 611
35953 4864 1459 1 1620 810 610
36024 4861 1483 1 1680 810 620
36095 4858 1508 1 1740 810 621
36173 4857 1534 1 1800 810 619
36251 4858 1568 1 1800 810 620
36325 4861 1590 1 1800 810 620
36391 4865 1601 1 1800 810 617
36454 4869 1614 1 1860 810 631
36514 4873 1628 1 1920 810 631
36569 4876 1645 1 1920 810 632
36622 4880 1657 1 1920 810 637
36691 4885 1676 1 1920 810 642
36759 4891 1697 1 1920 810 651
36831 4897 1721 1 1860 800 649
36906 4907 1738 1 1860 800 651
36973 4926 1740 1 1860 800 651
37044 4949 1751 1 1860 800 639
37114 4975 1759 1 1860 800 652
37184 5004 1763 1 1860 800 658
37250 5038 1768 1 1860 800 658
37311 5074 1771 1 1860 800 672
37367 5113 1774 1 1800 800 678
37421 5155 1780 1 1800 800 691
37471 5196 1786 1 1800 800 704
37520 5242 1793 1 1800 800 710
37570 5293 1798 1 1800 800 715
37632 5345 1799 1 1800 800 710
37695 5402 1799 1 1860 800 718
37757 5449 1802 1 1860 800 720
37815 5469 1808 1 1910 800 718
37868 5487 1809 1 1970 800 725
37923 5501 1813 1 1970 800 731
37969 5516 1813 1 2020 790 727
38011 5532 1814 1 2020 790 749
38049 5550 1814 1 2060 790 754
38086 5568 1815 1 2040 780 757
38119 5586 1816 1 2080 780 753
38151 5604 1817 1 2080 780 748
38185 5623 1819 1 2100 760 758
38212 5641 1820 1 2100 760 737
38243 5663 1822 1 2130 760 751
38272 5685 1822 1 2110 750 737
38294 5712 1822 1 2110 750 740
38314 5747 1826 1 2140 740 741
38329 5785 1826 1 2120 740 745
38345 5828 1829 1 2120 740 768
38358 5871 1830 1 2150 730 755
38371 5921 1832 1 2150 730 765
38383 5972 1838 1 2130 720 760
38390 6012 1841 1 2160 720 755
38398 6054 1844 1 2160 720 760
38406 6097 1845 1 2160 720 754
38413 6139 1849 1 2140 710 755
38421 6188 1851 1 2140 710 745
38427 6243 1851 1 2170 700 740
38430 6305 1853 1 2170 700 747
38434 6370 1862 1 2170 700 741
38437 6435 1871 1 2150 700 741
38437 6502 1879 1 2150 700 741
38438 6570 1888 1 2150 700 751
38438 6637 1896 1 2120 700 749
38439 6705 1901 1 2110 690 737
38439 6772 1903 1 2110 690 720
38438 6841 1905 1 2110 690 714
38434 6911 1911 1 2110 690 713
38430 6980 1913 1 2110 690 697
38423 7061 1914 1 2110 690 688
38413 7146 1916 1 2110 690 696
38398 7234 1916 1 2110 690 685
38377 7321 1917 1 2110 690 664
38356 7406 1917 1 2110 690 672
38335 7488 1917 1 2110 690 668
38312 7558 1918 1 2110 690 666
38290 7626 1918 1 2110 690 632
38265 7692 1918 1 2110 690 647
38234 7754 1921 1 2110 690 630
38197 7816 1921 1 2110 690 628
38151 7874 1922 1 2110 690 628
38096 7934 1923 1 2110 690 622
38038 7995 1924 1 2080 700 624
37970 8070 1924 1 2080 700 614
37891 8158 1925 1 2070 690 610
37827 8236 1926 1 2050 690 602
37766 8304 1927 1 2050 690 616
37707 8366 1928 1 2040 680 620
37646 8416 1928 1 2010 690 603
37590 8458 1931 1 2010 690 593
37527 8495 1933 1 2000 680 586
37462 8526 1935 1 2000 680 587
37389 8556 1936 1 1980 680 599
37306 8585 1940 1 1980 680 605
37215 8615 1941 1 1980 680 615
37131 8645 1943 1 1950 680 616
37057 8674 1946 1 1950 670 607
36982 8703 1946 1 1950 670 614
36907 8733 1948 1 1920 680 609
36834 8762 1949 1 1920 680 606
36762 8790 1951 1 1920 680 616
36693 8810 1953 1 1920 670 621
36624 8828 1957 1 1920 670 619
36553 8845 1966 1 1920 670 616
36482 8861 1966 1 1920 670 615
36407 8879 1967 1 1920 670 611
36334 8895 1974 1 1920 670 610
36257 8912 1977 1 1920 670 606
36177 8930 1986 1 1900 680 605
36095 8951 1996 1 1900 680 590
36009 8976 2005 1 1900 680 592
35924 8999 2014 1 1900 680 593
35840 9021 2024 1 1900 680 622
35756 9041 2025 1 1900 690 617
35670 9059 2026 1 1900 690 616
35583 9074 2026 1 1900 690 621
35498 9087 2030 1 1880 700 615
35415 9098 2031 1 1880 700 615
35336 9107 2034 1 1890 710 609
35260 9111 2037 1 1860 710 612
35188 9112 2041 1 1860 720 613
35116 9112 2046 1 1860 720 620
35045 9112 2053 1 1830 730 613
34973 9113 2059 1 1800 730 615
34901 9111 2066 1 1800 730 613
34835 9108 2073 1 1800 730 617
34769 9103 2081 1 1800 730 626
34703 9096 2086 1 1800 730 636
34642 9086 2088 1 1800 740 633
34582 9071 2089 1 1770 740 626
34501 9048 2091 1 1770 740 619
34401 9019 2091 1 1770 740 623
34299 8987 2091 1 1770 740 619
34202 8956 2095 1 1730 740 629
34113 8927 2098 1 1730 740 628
34035 8899 2106 1 1730 740 626
33966 8870 2114 1 1730 740 631
33903 8838 2117 1 1730 730 633
33846 8800 2126 1 1730 730 627
33802 8761 2147 1 1730 730 634
33765 8717 2170 1 1740 720 632
33733 8667 2192 1 1740 720 630
33699 8615 2194 1 1740 720 635
33650 8578 2197 1 1740 710 624
33610 8538 2199 1 1710 710 616
33578 8493 2200 1 1710 710 613
33551 8443 2202 1 1710 710 601
33529 8393 2206 1 1710 710 600
33513 8343 2208 1 1710 710 603
33501 8290 2208 1 1690 700 596
33488 8232 2210 1 1690 700 593
33479 8171 2211 1 1690 710 579
33469 8111 2217 1 1690 710 585
33458 8049 2218 1 1660 700 576
33451 7986 2229 1 1650 710 575
33443 7927 2233 1 1650 710 582
33436 7872 2233 1 1650 710 587
33429 7816 2241 1 1650 710 579
33424 7753 2248 1 1640 720 579
33423 7684 2254 1 1610 720 586
33424 7608 2256 1 1610 720 581
33425 7534 2263 1 1600 730 578
33425 7457 2269 1 1600 730 583
33438 7374 2279 1 1600 730 587
33453 7290 2280 1 1590 740 594
33472 7203 2286 1 1590 740 591
33496 7119 2294 1 1570 750 595
33525 7035 2301 1 1570 750 596
33561 6950 2302 1 1560 760 593
33607 6866 2304 1 1560 760 594
33666 6787 2312 1 1520 750 586
33734 6709 2314 1 1520 750 582
33777 6639 2331 1 1520 750 581
33825 6570 2348 1 1520 750 567
33876 6499 2367 1 1500 760 562
33932 6427 2384 1 1540 770 562
33993 6360 2403 1 1540 770 557
34053 6298 2420 1 1540 770 556
34119 6240 2438 1 1540 770 550
34188 6186 2456 1 1560 760 541
34260 6132 2486 1 1590 760 542
34326 6077 2500 1 1590 760 530
34395 6020 2511 1 1590 760 519
34477 5965 2516 1 1630 760 518
34562 5900 2518 1 1630 760 501
34651 5835 2518 1 1640 750 496
34732 5770 2519 1 1640 750 497
34795 5683 2520 1 1640 750 493
34857 5610 2523 1 1640 750 505
34917 5550 2527 1 1610 750 498
34978 5497 2528 1 1590 760 503
35037 5453 2529 1 1590 760 505
35098 5414 2530 1 1590 760 493
35166 5351 2530 1 1590 760 493
35239 5277 2532 1 1590 760 466
35317 5208 2532 1 1540 770 445
35398 5151 2534 1 1540 770 427
35476 5105 2534 1 1540 770 403
35552 5067 2536 1 1540 770 398
35625 5038 2536 1 1540 770 410
35695 5013 2537 1 1520 780 413
35767 4994 2537 1 1560 780 423
35840 4979 2541 1 1560 780 402
35919 4969 2542 1 1600 780 400
36004 4962 2545 1 1580 790 384
36095 4956 2551 1 1630 800 371
36190 4953 2552 1 1690 800 341
36285 4951 2555 1 1740 800 356
36374 4951 2561 1 1800 800 350
36456 4952 2565 1 1800 800 356
36532 4953 2568 1 1800 810 374
36606 4955 2571 1 1860 810 396
36676 4954 2578 1 1860 810 399
36746 4954 2592 1 1860 810 400
36824 4955 2603 1 1860 810 399
36916 4956 2609 1 1860 810 389
37013 4957 2620 1 1860 810 363
37109 4960 2631 1 1860 810 334
37190 4970 2649 1 1860 810 332
37251 4983 2671 1 1860 810 334
37298 4995 2690 1 1860 810 357
37337 5007 2708 1 1860 810 382
37371 5022 2724 1 1860 810 418
37405 5041 2738 1 1860 810 460
37439 5061 2751 1 1800 810 460
37479 5085 2771 1 1800 810 471
37527 5116 2786 1 1800 810 462
37578 5151 2805 1 1800 800 458
37631 5192 2814 1 1800 800 439
37682 5237 2820 1 1800 800 439
37729 5287 2821 1 1860 800 433
37769 5337 2829 1 1860 800 453
37805 5372 2838 1 1910 800 479
37836 5390 2839 1 1970 800 503
37867 5411 2840 1 1970 800 533
37900 5430 2846 1 1950 790 545
37934 5453 2848 1 2000 780 566
37969 5477 2851 1 2000 780 569
38005 5501 2854 1 2000 780 574
38045 5528 2863 1 2040 780 577
38084 5556 2872 1 2020 770 567
38120 5585 2874 1 2060 770 547
38156 5613 2881 1 2060 770 567
38188 5639 2890 1 2100 760 558
38216 5665 2897 1 2080 750 580
38244 5695 2901 1 2080 750 589
38272 5725 2902 1 2110 750 600
38296 5768 2902 1 2090 740 601
38319 5822 2903 1 2090 740 615
38341 5882 2905 1 2120 740 612
38363 5951 2906 1 2120 740 603
38384 6027 2906 1 2130 720 600
38400 6096 2907 1 2130 720 603
38414 6166 2908 1 2130 720 599
38427 6238 2909 1 2160 720 602
38440 6310 2938 1 2140 710 588
38449 6381 2967 1 2140 710 589
38455 6452 2989 1 2140 710 619
38459 6514 3003 1 2120 700 602
38461 6579 3012 1 2120 700 610
38463 6647 3023 1 2120 700 615
38465 6723 3034 1 2110 690 597
38462 6802 3034 1 2110 690 595
38456 6883 3037 1 2110 690 571
38448 6968 3041 1 2110 690 577
38434 7064 3051 1 2110 690 577
38415 7173 3066 1 2110 690 585
38392 7283 3083 1 2110 690 573
38364 7389 3096 1 2110 690 567
38337 7493 3118 1 2110 690 570
38305 7593 3144 1 2110 690 585
38273 7688 3166 1 2110 690 562
38240 7776 3190 1 2090 680 556
38196 7858 3207 1 2070 690 554
38147 7935 3221 1 2070 690 537
38091 8006 3236 1 2070 690 558
38030 8072 3250 1 2070 690 546
37962 8133 3264 1 2070 690 570
37902 8190 3268 1 2050 690 574
37844 8244 3271 1 2050 690 555
37784 8294 3277 1 2050 690 579
37722 8350 3282 1 2020 700 568
37660 8406 3289 1 2010 690 558
37593 8459 3299 1 2010 690 553
37523 8509 3299 1 1990 690 564
37447 8555 3301 1 1980 680 557
37364 8601 3307 1 1980 680 554
37293 8663 3308 1 1980 680 560
37222 8727 3308 1 1950 680 558
37147 8786 3308 1 1950 680 573
37070 8841 3310 1 1950 670 553
36993 8892 3311 1 1920 680 566
36912 8940 3312 1 1920 680 560
36825 8987 3313 1 1920 680 558
36733 9027 3316 1 1920 680 545
36637 9063 3318 1 1900 690 556
36540 9096 3318 1 1900 690 553
36447 9125 3321 1 1900 690 549
36355 9148 3327 1 1910 700 554
36274 9165 3329 1 1910 700 556
36193 9178 3330 1 1910 700 558
36109 9186 3330 1 1910 700 566
36025 9192 3333 1 1910 710 558
35946 9196 3337 1 1910 710 547
35866 9198 3345 1 1910 710 559
35779 9199 3349 1 1890 720 546
35692 9202 3351 1 1890 720 553
35598 9203 3352 1 1890 720 562
35498 9203 3362 1 1900 730 568
35397 9203 3397 1 1900 730 564
35298 9202 3432 1 1870 730 571
35204 9201 3466 1 1870 730 576
35119 9195 3484 1 1870 730 562
35038 9185 3485 1 1830 730 576
34958 9171 3490 1 1830 730 571
34884 9156 3490 1 1800 730 573
34801 9137 3495 1 1800 740 565
34708 9113 3500 1 1800 740 548
34610 9081 3500 1 1800 740 566
34496 9039 3503 1 1800 740 570
34369 8995 3511 1 1800 740 563
34246 8959 3512 1 1770 740 569
34138 8922 3522 1 1770 740 574
34051 8884 3525 1 1770 740 581
33977 8844 3537 1 1770 740 590
33911 8799 3539 1 1730 740 587
33854 8749 3541 1 1730 740 568
33801 8691 3554 1 1730 730 589
33751 8621 3556 1 1730 730 586
33683 8546 3574 1 1700 730 582
33628 8463 3575 1 1700 730 582
33582 8408 3583 1 1700 730 580
33548 8366 3589 1 1700 730 576
33520 8321 3593 1 1700 730 591
33498 8278 3611 1 1700 730 590
33477 8231 3614 1 1710 720 592
33461 8185 3625 1 1710 720 593
33448 8136 3628 1 1680 720 606
33439 8085 3633 1 1680 720 602
33432 8033 3635 1 1670 730 596
33427 7978 3639 1 1670 730 601
33425 7924 3641 1 1640 720 596
33424 7867 3647 1 1640 720 605
33423 7805 3649 1 1630 730 600
33422 7745 3657 1 1630 730 605
33420 7684 3660 1 1600 730 607
33418 7624 3666 1 1600 730 597
33416 7562 3677 1 1590 740 604
33416 7499 3679 1 1590 740 603
33415 7437 3695 1 1590 740 607
33415 7372 3697 1 1570 750 606
33415 7304 3717 1 1570 750 605
33416 7236 3725 1 1570 750 601
33423 7160 3735 1 1520 750 594
33434 7078 3735 1 1520 750 595
33447 6992 3743 1 1500 760 592
33465 6907 3745 1 1500 760 594
33484 6820 3749 1 1500 760 594
33506 6737 3752 1 1500 760 596
33534 6654 3762 1 1500 760 603
33571 6560 3764 1 1500 760 606
33618 6466 3771 1 1480 770 607
33678 6372 3772 1 1480 770 602
33753 6289 3784 1 1480 770 592
33803 6215 3788 1 1480 770 583
33854 6146 3793 1 1480 770 571
33907 6081 3804 1 1480 770 574
33964 6020 3824 1 1500 760 567
34021 5966 3844 1 1540 770 565
34081 5915 3867 1 1540 770 555
34139 5868 3899 1 1540 770 564
34204 5822 3908 1 1540 770 566
34284 5770 3913 1 1580 770 563
34352 5707 3924 1 1580 770 558
34422 5644 3939 1 1580 770 558
34499 5583 3954 1 1620 770 546
34569 5522 3955 1 1620 770 546
34637 5461 3956 1 1620 770 535
34707 5405 3956 1 1600 780 522
34766 5315 3956 1 1600 780 513
34824 5216 3957 1 1600 780 500
34887 5139 3975 1 1600 780 482
34954 5081 3977 1 1580 790 449
35022 5038 3978 1 1580 790 417
35091 5002 3991 1 1540 790 420
35163 4972 3991 1 1540 790 402
35238 4948 3993 1 1510 800 358
35318 4927 4004 1 1560 800 362
35402 4910 4008 1 1560 800 347
35489 4895 4011 1 1540 810 337
35580 4882 4012 1 1540 810 336
35672 4871 4013 1 1540 810 296
35769 4864 4016 1 1540 810 265
35867 4858 4018 1 1540 810 251
35964 4852 4021 1 1600 810 232
36065 4848 4024 1 1600 810 235
36164 4844 4030 1 1660 820 224
36257 4841 4031 1 1730 820 244
36345 4838 4032 1 1800 820 247
36423 4836 4038 1 1800 820 273
36498 4834 4045 1 1800 820 293
36571 4833 4045 1 1860 810 314
36638 4831 4049 1 1920 810 314
36699 4834 4052 1 1920 810 343
36771 4837 4058 1 1920 810 342
36846 4842 4058 1 1920 810 356
36924 4847 4064 1 1920 810 347
36992 4853 4065 1 1910 800 348
37058 4860 4071 1 1910 800 363
37117 4869 4085 1 1910 800 381
37171 4880 4103 1 1910 800 385
37217 4890 4117 1 1860 800 389
37263 4902 4130 1 1860 800 404
37309 4915 4147 1 1860 800 412
37362 4930 4165 1 1860 800 403
37418 4948 4185 1 1800 800 396
37475 4969 4206 1 1800 800 398
37534 4993 4227 1 1800 800 396
37592 5021 4249 1 1800 800 404
37648 5054 4276 1 1800 800 412
37700 5094 4304 1 1800 800 420
37748 5136 4335 1 1860 810 441
37789 5178 4362 1 1920 810 464
37826 5225 4363 1 1920 810 486
37859 5275 4363 1 1980 810 513
37894 5329 4385 1 1980 810 532
37928 5358 4386 1 2040 800 527
37965 5393 4404 1 2040 800 516
38005 5434 4411 1 2090 800 496
38042 5478 4432 1 2140 790 501
38087 5516 4434 1 2140 790 504
38126 5549 4445 1 2150 780 512
38162 5581 4448 1 2150 780 514
38194 5614 4453 1 2190 770 533
38222 5650 4455 1 2190 770 541
38252 5691 4462 1 2220 770 561
38280 5738 4466 1 2220 750 582
38310 5783 4466 1 2220 750 580
38344 5833 4467 1 2220 750 578
38378 5889 4468 1 2220 740 561
38412 5948 4470 1 2220 740 560
38435 6033 4470 1 2200 730 535
38455 6119 4471 1 2230 730 493
38468 6193 4473 1 2230 730 508
38477 6270 4476 1 2200 720 496
38482 6350 4480 1 2230 710 510
38487 6440 4484 1 2210 710 535
38492 6532 4485 1 2210 710 537
38489 6631 4485 1 2210 710 557
38487 6734 4488 1 2190 700 560
38486 6840 4489 1 2170 700 565
38486 6949 4494 1 2170 700 562
38485 7050 4499 1 2170 700 558
38482 7157 4505 1 2170 700 531
38476 7267 4510 1 2150 700 542
38466 7375 4513 1 2150 700 528
38450 7484 4515 1 2150 700 531
38426 7596 4518 1 2150 700 534
38390 7712 4519 1 2150 700 540
38341 7834 4524 1 2150 700 547
38279 7949 4526 1 2110 690 554
38212 8049 4527 1 2110 690 551
38141 8137 4528 1 2110 690 552
38066 8212 4529 1 2110 690 555
38001 8276 4529 1 2080 700 539
37937 8334 4530 1 2080 700 526
37869 8390 4545 1 2080 700 490
37795 8443 4566 1 2070 690 489
37714 8491 4580 1 2050 690 479
37620 8560 4582 1 2050 690 503
37515 8642 4584 1 2040 680 517
37392 8726 4589 1 2010 690 503
37293 8806 4591 1 2010 690 529
37189 8879 4594 1 2010 690 525
37081 8936 4600 1 1980 680 543
36990 8975 4603 1 1980 680 537
36907 9006 4604 1 1960 690 537
36826 9031 4606 1 1960 690 528
36750 9054 4611 1 1960 690 516
36670 9075 4611 1 1940 700 527
36588 9093 4624 1 1940 700 516
36499 9110 4626 1 1940 700 518
36406 9126 4627 1 1950 710 538
36291 9138 4634 1 1950 710 547
36166 9149 4658 1 1950 710 554
36047 9159 4698 1 1950 710 563
35941 9166 4730 1 1930 730 561
35846 9171 4760 1 1930 730 563
35763 9173 4780 1 1930 730 558
35684 9173 4781 1 1930 730 554
35612 9173 4782 1 1930 730 557
35549 9171 4785 1 1930 730 552
35477 9170 4787 1 1930 730 563
35406 9167 4791 1 1900 730 561
35330 9164 4792 1 1900 730 571
35252 9161 4798 1 1900 730 579
35179 9156 4802 1 1870 730 593
35110 9151 4812 1 1870 730 584
35047 9144 4815 1 1830 730 592
34990 9137 4822 1 1830 740 578
34935 9129 4822 1 1800 740 571
34868 9119 4833 1 1800 740 572
34806 9106 4837 1 1800 740 571
34744 9088 4842 1 1800 740 574
34682 9066 4862 1 1800 740 587
34621 9046 4888 1 1800 750 572
34547 9026 4932 1 1760 750 556
34465 9005 4959 1 1760 750 557
34390 8981 4983 1 1760 750 563
34313 8954 4997 1 1760 750 567
34243 8922 4997 1 1760 750 568
34179 8886 4999 1 1760 750 580
34125 8849 5002 1 1760 750 565
34076 8810 5003 1 1760 750 552
34032 8764 5005 1 1760 750 563
33988 8702 5007 1 1760 750 568
33948 8636 5008 1 1760 750 566
33913 8586 5015 1 1760 750 564
33880 8536 5017 1 1760 750 562
33846 8482 5022 1 1760 750 559
33799 8428 5028 1 1760 750 569
33759 8365 5030 1 1770 740 570
33725 8295 5035 1 1770 740 562
33696 8240 5039 1 1730 740 569
33669 8197 5045 1 1730 740 564
33650 8151 5050 1 1730 740 558
33634 8103 5060 1 1700 740 569
33625 8049 5062 1 1700 740 559
33617 7994 5063 1 1700 740 556
33611 7936 5068 1 1700 740 549
33608 7876 5072 1 1700 740 531
33606 7816 5074 1 1660 740 540
33606 7755 5079 1 1660 740 536
33607 7693 5080 1 1650 750 538
33607 7629 5080 1 1650 750 544
33608 7565 5085 1 1650 750 551
33609 7499 5086 1 1640 750 574
33622 7430 5092 1 1640 750 564
33643 7358 5096 1 1640 750 576
33664 7284 5096 1 1630 760 578
33690 7209 5103 1 1590 760 578
33714 7134 5109 1 1590 760 575
33742 7061 5112 1 1580 770 571
33772 6995 5113 1 1580 770 572
33802 6929 5116 1 1560 780 575
33821 6867 5120 1 1560 780 572
33840 6807 5123 1 1560 780 582
33863 6748 5139 1 1560 780 589
33887 6692 5156 1 1560 780 590
33915 6634 5174 1 1560 780 599
33948 6573 5193 1 1560 780 595
33986 6510 5212 1 1560 780 601
34028 6447 5219 1 1600 780 599
34085 6378 5219 1 1600 780 598
34147 6311 5221 1 1600 780 589
34209 6249 5222 1 1600 780 590
34274 6191 5225 1 1600 780 581
34348 6138 5233 1 1650 790 578
34425 6094 5238 1 1650 790 570
34514 6051 5261 1 1660 780 559
34617 6006 5283 1 1660 780 550
34699 5957 5284 1 1660 780 533
34772 5904 5284 1 1660 780 526
34847 5856 5290 1 1660 780 536
34921 5794 5292 1 1660 780 529
34983 5734 5302 1 1620 770 532
35045 5686 5312 1 1620 770 530
35108 5643 5320 1 1620 770 537
35172 5603 5329 1 1620 770 540
35236 5563 5338 1 1620 770 529
35309 5525 5348 1 1620 770 532
35387 5489 5357 1 1620 770 530
35477 5447 5372 1 1600 780 519
35579 5406 5385 1 1600 780 526
35681 5367 5387 1 1600 780 510
35787 5328 5393 1 1600 780 514
35892 5294 5404 1 1650 790 515
35989 5233 5407 1 1650 790 506
36084 5178 5411 1 1690 800 510
36177 5130 5419 1 1740 800 509
36264 5089 5425 1 1800 800 506
36352 5056 5432 1 1800 800 505
36442 5028 5436 1 1800 800 478
36540 5005 5442 1 1860 810 493
36636 4984 5445 1 1920 810 485
36728 4971 5453 1 1920 810 480
36809 4962 5454 1 1920 810 482
36904 4956 5463 1 1920 810 494
36980 4962 5465 1 1920 810 496
37046 4969 5465 1 1940 820 497
37106 4980 5468 1 1940 820 514
37164 4991 5472 1 1940 820 524
37219 5004 5472 1 1940 820 534
37279 5019 5495 1 1940 820 549
37344 5035 5517 1 1940 820 553
37413 5059 5540 1 1940 820 555
37482 5090 5564 1 1870 820 545
37544 5125 5589 1 1870 820 536
37609 5173 5618 1 1870 820 544
37664 5221 5645 1 1800 820 539
37715 5278 5673 1 1800 820 561
37762 5326 5673 1 1860 810 564
37802 5347 5683 1 1860 810 586
37845 5370 5688 1 1920 810 596
37881 5394 5695 1 1920 810 600
37917 5422 5704 1 1980 810 611
37953 5455 5704 1 2040 800 605
37983 5487 5705 1 2020 790 610
38013 5521 5715 1 2060 790 615
38042 5555 5717 1 2060 790 615
38080 5589 5721 1 2110 780 628
38117 5624 5722 1 2080 780 608
38150 5664 5723 1 2080 780 625
38180 5707 5724 1 2120 770 617
38210 5751 5724 1 2100 760 626
38238 5800 5726 1 2130 760 642
38262 5849 5727 1 2170 750 634
38288 5905 5728 1 2170 750 635
38315 5955 5730 1 2140 740 644
38337 6015 5733 1 2170 740 622
38353 6083 5735 1 2170 740 624
38365 6142 5738 1 2170 740 622
38377 6204 5738 1 2180 720 626
38385 6266 5741 1 2180 720 623
38393 6330 5742 1 2180 720 621
38399 6399 5760 1 2180 710 602
38404 6478 5763 1 2180 710 609
38410 6564 5765 1 2180 710 613
38416 6651 5766 1 2170 700 618
38419 6737 5770 1 2170 700 617
38416 6829 5773 1 2190 700 627
38412 6920 5773 1 2190 700 614
38407 7012 5776 1 2190 700 611
38403 7102 5785 1 2170 700 597
38395 7190 5797 1 2170 700 594
38385 7280 5814 1 2150 700 598
38368 7368 5834 1 2150 700 586
38352 7451 5866 1 2150 700 594
38333 7537 5892 1 2150 700 595
38308 7615 5898 1 2150 700 614
38278 7684 5902 1 2120 700 590
38242 7747 5916 1 2120 700 589
38200 7806 5928 1 2120 700 572
38147 7860 5940 1 2120 700 576
38085 7913 5951 1 2100 710 574
38012 7966 5970 1 2100 710 575
37939 8020 5987 1 2100 710 578
37871 8076 5991 1 2070 710 572
37802 8135 5997 1 2060 700 575
37729 8193 5999 1 2060 700 577
37652 8250 6000 1 2030 710 579
37570 8302 6003 1 2020 700 584
37496 8349 6006 1 2020 700 580
37437 8397 6006 1 2000 700 591
37378 8436 6008 1 2000 700 591
37317 8472 6014 1 1990 690 591
37250 8507 6015 1 1960 690 587
37175 8544 6016 1 1960 690 589
37092 8584 6017 1 1960 690 589
37001 8627 6049 1 1940 690 590
36906 8668 6081 1 1940 690 597
36804 8706 6114 1 1910 700 606
36702 8741 6145 1 1900 690 616
36588 8779 6209 1 1900 690 615
36467 8810 6249 1 1900 690 610
36340 8834 6251 1 1900 690 595
36215 8854 6251 1 1900 690 588
36119 8865 6256 1 1900 690 610
36027 8879 6260 1 1900 690 593
35934 8895 6264 1 1900 690 588
35833 8910 6274 1 1910 700 606
35724 8927 6275 1 1880 700 605
35615 8943 6277 1 1890 710 604
35504 8958 6293 1 1890 710 622
35401 8972 6293 1 1890 720 622
35300 8982 6308 1 1860 720 617
35206 8985 6310 1 1860 720 633
35122 8986 6314 1 1870 730 641
35043 8983 6320 1 1830 730 626
34950 8967 6323 1 1830 740 613
34857 8945 6323 1 1800 740 597
34762 8916 6324 1 1800 750 592
34667 8883 6324 1 1800 750 594
34574 8848 6327 1 1800 750 605
34458 8805 6328 1 1800 750 609
34343 8758 6329 1 1800 750 610
34240 8713 6330 1 1760 750 624
34139 8676 6334 1 1760 750 632
34061 8639 6334 1 1760 750 629
33998 8598 6335 1 1730 750 638
33949 8553 6336 1 1730 750 634
33910 8506 6341 1 1730 750 633
33868 8456 6342 1 1730 740 639
33807 8406 6343 1 1700 740 629
33754 8349 6344 1 1700 740 637
33712 8286 6345 1 1700 740 640
33680 8217 6345 1 1700 740 640
33658 8161 6349 1 1700 740 653
33645 8097 6351 1 1700 740 657
33639 8033 6351 1 1700 740 649
33633 7965 6351 1 1700 740 647
33631 7894 6352 1 1660 740 644
33632 7820 6355 1 1660 740 652
33633 7745 6358 1 1650 750 657
33634 7673 6360 1 1620 740 653
33634 7595 6365 1 1620 740 656
33647 7518 6368 1 1620 740 657
33672 7443 6371 1 1610 750 657
33702 7367 6373 1 1610 750 650
33740 7290 6376 1 1610 750 641
33782 7207 6380 1 1590 760 634
33834 7124 6381 1 1590 760 632
33874 7038 6381 1 1580 770 627
33905 6954 6383 1 1580 770 623
33941 6874 6391 1 1580 770 626
33980 6800 6393 1 1580 770 622
34023 6733 6401 1 1580 770 620
34072 6667 6412 1 1560 780 621
34126 6598 6416 1 1560 780 615
34184 6526 6419 1 1600 780 612
34239 6459 6430 1 1600 780 604
34291 6395 6451 1 1600 780 593
34347 6336 6482 1 1650 790 593
34404 6282 6516 1 1650 790 585
34466 6232 6548 1 1650 790 586
34534 6183 6589 1 1650 790 586
34599 6139 6590 1 1650 790 578
34664 6092 6597 1 1660 780 577
34739 6041 6602 1 1660 780 556
34836 5983 6611 1 1660 780 526
34943 5922 6622 1 1620 770 477
35069 5855 6627 1 1620 770 449
35192 5790 6632 1 1620 770 436
35284 5721 6632 1 1620 770 416
35360 5666 6632 1 1620 770 409
35431 5621 6644 1 1620 770 417
35498 5581 6659 1 1620 770 421
35563 5550 6673 1 1620 770 425
35633 5526 6673 1 1620 770 438
35711 5505 6675 1 1620 770 428
35797 5486 6689 1 1660 780 412
35896 5469 6689 1 1660 780 411
36002 5454 6698 1 1650 790 389
36108 5439 6704 1 1700 790 360
36207 5428 6717 1 1750 790 361
36294 5419 6724 1 1800 790 380
36371 5409 6731 1 1800 790 405
36442 5402 6738 1 1800 790 419
36507 5397 6748 1 1850 790 442
36569 5395 6754 1 1900 790 456
36635 5393 6759 1 1950 790 459
36705 5389 6760 1 1950 790 463
36779 5382 6762 1 1950 790 448
36859 5376 6763 1 1950 790 443
36934 5373 6775 1 1950 790 437
37021 5371 6789 1 1970 800 441
37106 5374 6798 1 1970 800 452
37178 5380 6802 1 1970 800 469
37241 5383 6815 1 1970 800 488
37300 5385 6837 1 1970 800 505
37353 5387 6852 1 1910 800 509
37398 5395 6868 1 1910 800 522
37448 5410 6880 1 1910 800 521
37499 5426 6890 1 1860 800 509
37551 5445 6905 1 1860 800 512
37603 5466 6921 1 1860 800 516
37652 5488 6922 1 1850 790 519
37704 5513 6931 1 1850 790 538
37752 5540 6933 1 1850 790 539
37795 5566 6937 1 1900 790 553
37835 5593 6940 1 1900 790 576
37866 5617 6942 1 1950 790 582
37900 5643 6944 1 1950 790 597
37933 5672 6947 1 2000 780 595
37962 5699 6947 1 1980 770 595
37992 5727 6948 1 1980 770 618
38019 5757 6949 1 2020 770 602
38048 5791 6952 1 2020 770 595
38076 5838 6960 1 2010 760 602
38103 5888 6965 1 2040 760 594
38127 5938 6966 1 2040 760 594
38145 5993 6967 1 2040 760 606
38155 6044 6970 1 2080 750 603
38162 6088 6976 1 2060 740 616
38176 6131 6977 1 2060 740 615
38187 6171 6978 1 2090 740 625
38198 6212 6979 1 2090 740 621
38208 6255 6980 1 2090 740 628
38217 6298 6985 1 2120 740 617
38228 6343 6989 1 2110 730 615
38241 6389 6989 1 2110 730 610
38252 6436 6991 1 2110 730 611
38260 6486 6996 1 2130 720 595
38262 6540 7000 1 2130 720 592
38263 6599 7003 1 2130 720 599
38264 6661 7007 1 2120 710 604
38254 6735 7008 1 2120 710 609
38242 6816 7010 1 2120 710 627
38232 6900 7017 1 2100 710 611
38222 6983 7023 1 2100 710 607
38215 7059 7030 1 2100 710 598
38208 7131 7039 1 2100 710 588
38206 7195 7046 1 2100 710 574
38205 7258 7056 1 2100 710 572
38199 7319 7069 1 2100 710 545
38188 7382 7085 1 2100 710 556
38172 7444 7104 1 2070 710 559
38150 7508 7123 1 2070 710 564
38117 7571 7138 1 2070 710 561
38074 7646 7142 1 2070 710 574
38022 7723 7148 1 2070 710 585
37965 7797 7156 1 2050 710 593
37912 7858 7159 1 2050 710 586
37864 7901 7167 1 2050 710 567
37824 7942 7179 1 2050 710 567
37782 7979 7198 1 2050 710 564
37734 8014 7211 1 2020 720 557
37676 8047 7220 1 2020 720 561
37611 8079 7241 1 2020 720 572
37540 8112 7262 1 2020 720 581
37477 8151 7267 1 1980 710 581
37413 8198 7271 1 1980 710 592
37351 8244 7280 1 1980 710 596
37289 8285 7287 1 1980 710 602
37227 8323 7295 1 1950 710 587
37153 8359 7324 1 1950 710 582
37075 8396 7357 1 1950 710 578
36985 8434 7410 1 1910 710 579
36892 8470 7462 1 1910 710 588
36803 8500 7491 1 1910 710 588
36724 8527 7493 1 1910 710 590
36640 8554 7494 1 1910 710 601
36556 8581 7496 1 1910 710 594
36484 8607 7498 1 1910 710 590
36416 8633 7498 1 1910 710 599
36353 8655 7498 1 1910 710 600
36293 8673 7499 1 1910 710 602
36234 8685 7500 1 1910 710 603
36176 8695 7501 1 1910 710 590
36118 8703 7502 1 1910 710 600
36056 8708 7502 1 1910 710 591
35990 8716 7504 1 1910 710 597
35922 8725 7514 1 1910 710 600
35851 8735 7530 1 1910 710 619
35783 8746 7545 1 1910 710 614
35718 8755 7560 1 1910 710 626
35657 8763 7574 1 1910 710 637
35603 8768 7587 1 1910 710 638
35550 8771 7599 1 1890 710 638
35500 8772 7611 1 1890 710 642
35449 8774 7621 1 1890 710 638
35395 8775 7633 1 1860 710 636
35340 8776 7644 1 1860 710 636
35282 8771 7655 1 1860 720 639
35226 8762 7662 1 1830 720 642
35167 8751 7671 1 1830 720 655
35107 8740 7678 1 1800 720 649
35034 8728 7682 1 1800 720 658
34959 8714 7685 1 1800 720 657
34891 8700 7688 1 1800 720 658
34825 8684 7691 1 1800 720 672
34759 8668 7693 1 1770 730 660
34690 8651 7695 1 1770 730 670
34622 8630 7699 1 1770 730 671
34558 8607 7701 1 1730 730 672
34484 8577 7709 1 1730 730 681
34408 8542 7709 1 1730 730 678
34341 8502 7712 1 1730 730 672
34281 8459 7716 1 1700 730 678
34226 8412 7717 1 1700 730 676
34177 8363 7721 1 1700 730 671
34128 8314 7722 1 1700 730 677
34079 8260 7725 1 1700 730 672
34038 8207 7725 1 1700 740 665
33998 8150 7726 1 1730 740 670
33961 8104 7730 1 1730 740 662
33930 8060 7734 1 1730 740 677
33897 8015 7734 1 1730 740 676
33845 7973 7735 1 1730 740 679
33799 7929 7736 1 1730 750 677
33764 7887 7739 1 1730 750 670
33735 7838 7742 1 1730 750 673
33717 7786 7743 1 1690 750 664
33707 7732 7744 1 1690 750 661
33702 7674 7745 1 1680 760 659
33702 7613 7750 1 1680 760 654
33704 7550 7754 1 1640 750 666
33705 7483 7759 1 1640 750 676
33705 7411 7759 1 1630 760 692
33723 7339 7760 1 1630 760 699
33754 7267 7763 1 1630 760 697
33792 7195 7767 1 1620 770 699
33837 7120 7771 1 1620 770 696
33893 7043 7775 1 1620 770 690
33927 6971 7776 1 1600 780 685
33961 6903 7776 1 1600 780 688
33998 6842 7779 1 1600 780 679
34036 6785 7782 1 1580 790 678
34078 6735 7791 1 1580 790 677
34123 6689 7807 1 1580 790 681
34170 6644 7822 1 1580 790 682
34225 6601 7840 1 1580 790 673
34287 6557 7857 1 1580 790 677
34360 6514 7880 1 1630 800 666
34434 6469 7916 1 1630 800 651
34514 6420 7958 1 1630 800 647
34595 6372 7998 1 1630 800 637
34656 6319 8012 1 1650 790 644
34710 6270 8023 1 1650 790 639
34760 6224 8035 1 1650 790 640
34803 6184 8041 1 1650 790 652
34848 6146 8049 1 1600 780 654
34901 6108 8056 1 1620 770 646
34968 6068 8066 1 1620 770 636
35054 6024 8085 1 1620 770 610
35149 5971 8107 1 1620 770 589
35254 5906 8116 1 1620 770 555
35350 5846 8118 1 1620 770 554
35426 5791 8130 1 1620 770 564
35495 5749 8131 1 1620 770 582
35562 5707 8132 1 1620 770 598
35625 5672 8133 1 1620 770 607
35691 5636 8133 1 1620 770 625
35774 5599 8147 1 1660 780 627
35881 5557 8152 1 1660 780 624
35986 5523 8160 1 1700 790 604
36089 5494 8162 1 1700 790 576
36200 5468 8169 1 1750 790 576
36300 5448 8169 1 1800 790 554
36389 5433 8182 1 1800 790 560
36465 5423 8197 1 1800 790 564
36527 5415 8208 1 1850 790 577
36583 5411 8221 1 1900 790 596
36639 5409 8232 1 1970 800 596
36693 5405 8244 1 1970 800 607
36753 5404 8247 1 1970 800 602
36806 5399 8251 1 1970 800 599
36869 5396 8256 1 1910 800 591
36946 5392 8268 1 1910 800 570
37030 5389 8272 1 1910 800 551
37123 5402 8272 1 1910 800 534
37206 5424 8274 1 1970 800 543
37267 5445 8275 1 1910 800 549
37314 5459 8295 1 1910 800 564
37361 5474 8305 1 1910 800 584
37404 5488 8322 1 1910 800 594
37446 5503 8322 1 1860 800 603
37489 5520 8338 1 1860 800 609
37533 5538 8369 1 1860 800 594
37586 5556 8373 1 1860 800 590
37645 5579 8387 1 1860 800 569
37701 5601 8405 1 1860 800 564
37751 5623 8418 1 1910 800 566
37794 5646 8434 1 1910 800 572
37831 5668 8436 1 1950 790 570
37864 5691 8438 1 2000 780 579
37893 5715 8460 1 2000 780 605
37919 5742 8464 1 2000 780 597
37946 5773 8479 1 2040 780 615
37975 5808 8481 1 2040 780 622
38003 5843 8492 1 2020 770 613
38035 5884 8498 1 2060 770 609
38063 5923 8499 1 2060 770 599
38098 5955 8499 1 2100 760 595
38131 5984 8500 1 2100 760 596
38154 6017 8501 1 2080 750 588
38172 6054 8503 1 2110 750 603
38187 6094 8504 1 2110 750 599
38195 6139 8506 1 2110 750 591
38204 6201 8509 1 2140 740 604
38211 6265 8511 1 2120 740 605
38221 6337 8513 1 2120 740 604
38232 6420 8514 1 2150 730 588
38241 6506 8518 1 2150 730 568
38250 6589 8520 1 2130 720 571
38255 6673 8520 1 2130 720 584
38260 6763 8524 1 2130 720 591
38263 6855 8525 1 2140 710 573
38249 6947 8530 1 2140 710 572
38229 7046 8533 1 2140 710 578
38208 7152 8533 1 2140 710 580
38188 7257 8536 1 2140 710 556
38168 7361 8537 1 2140 710 566
38151 7450 8540 1 2140 710 559
38132 7533 8542 1 2140 710 543
38106 7613 8544 1 2120 700 541
38066 7681 8548 1 2100 710 518
38024 7747 8548 1 2100 710 514
37975 7812 8565 1 2100 710 515
37913 7879 8601 1 2100 710 542
37844 7952 8657 1 2070 710 538
37784 8057 8709 1 2070 710 536
37719 8155 8750 1 2070 710 550
37661 8245 8785 1 2070 710 545
37610 8317 8792 1 2050 710 542
37558 8379 8795 1 2030 710 556
37511 8436 8811 1 2030 710 537
37459 8486 8828 1 2030 710 541
37405 8534 8845 1 2020 700 531
37349 8580 8865 1 2000 700 530
37286 8627 8888 1 2000 700 539
37223 8672 8908 1 1990 690 532
37162 8717 8928 1 1990 690 546
37093 8760 8929 1 1960 690 547
37021 8800 8930 1 1960 690 562
36956 8831 8931 1 1950 680 551
36895 8860 8938 1 1950 680 558
36838 8883 8944 1 1960 690 543
36780 8903 8947 1 1940 690 524
36718 8921 8949 1 1940 690 511
36652 8936 8952 1 1940 700 510
36578 8950 8959 1 1940 700 525
36498 8961 8959 1 1940 700 522
36415 8972 8959 1 1950 710 535
36324 8981 8960 1 1950 710 552
36230 8998 8961 1 1950 710 539
36132 9012 8962 1 1950 710 556
36034 9024 8963 1 1960 720 535
35941 9034 8966 1 1960 720 520
35858 9039 8969 1 1960 720 526
35781 9042 8969 1 1960 720 505
35709 9044 8970 1 1970 730 509
35639 9047 8974 1 1970 730 497
35563 9050 8977 1 1940 740 505
35491 9053 8989 1 1940 740 516
35419 9052 8990 1 1940 740 526
35344 9051 8990 1 1900 740 534
35271 9049 8990 1 1900 740 540
35196 9045 8993 1 1900 740 539
35123 9037 9001 1 1870 740 558
35033 9023 9005 1 1830 740 557
34952 9006 9005 1 1800 740 556
34876 8987 9007 1 1800 750 556
34803 8965 9013 1 1800 750 542
34732 8940 9016 1 1800 750 532
34659 8913 9017 1 1800 750 543
34586 8881 9017 1 1800 750 545
34507 8847 9023 1 1760 750 550
34417 8817 9027 1 1760 750 540
34332 8790 9028 1 1760 750 548
34255 8763 9030 1 1760 750 553
34188 8734 9033 1 1760 750 557
34130 8706 9034 1 1770 740 560
34074 8673 9034 1 1770 740 560
34024 8637 9035 1 1770 740 550
33970 8596 9038 1 1730 740 551
33899 8549 9038 1 1770 740 554
33833 8497 9040 1 1770 740 556
33772 8436 9044 1 1770 740 561
33716 8371 9048 1 1770 730 561
33665 8301 9049 1 1730 730 566
33620 8238 9052 1 1730 730 570
33578 8191 9057 1 1730 730 578
33540 8144 9061 1 1730 730 572
33508 8096 9067 1 1730 730 581
33486 8044 9070 1 1730 740 580
33469 7992 9080 1 1700 740 594
33458 7931 9083 1 1700 740 596
33449 7870 9088 1 1690 750 608
33442 7804 9090 1 1650 750 619
33436 7735 9093 1 1650 750 628
33433 7668 9096 1 1650 750 643
33432 7598 9098 1 1640 750 651
33432 7521 9098 1 1610 750 636
33433 7437 9103 1 1610 750 637
33433 7355 9104 1 1590 760 631
33437 7280 9104 1 1590 760 631
33441 7211 9105 1 1580 770 629
33445 7149 9111 1 1580 770 642
33451 7092 9111 1 1540 770 650
33460 7040 9114 1 1520 780 668
33474 6989 9114 1 1520 780 667
33494 6940 9115 1 1490 780 668
33521 6882 9119 1 1490 780 668
33554 6821 9120 1 1490 780 662
33595 6762 9123 1 1490 780 664
33642 6704 9127 1 1460 790 658
33695 6651 9131 1 1460 790 656
33752 6592 9134 1 1460 790 658
33814 6533 9134 1 1460 790 656
33888 6480 9136 1 1460 790 662
33942 6433 9142 1 1460 790 666
33986 6389 9147 1 1460 790 662
34036 6347 9149 1 1540 790 664
34088 6304 9153 1 1540 790 653
34144 6258 9153 1 1540 790 654
34205 6211 9160 1 1540 790 656
34263 6162 9182 1 1540 790 639
34316 6109 9200 1 1580 790 646
34368 6056 9213 1 1600 780 646
34420 6009 9224 1 1600 780 644
34471 5963 9240 1 1650 790 662
34521 5916 9273 1 1650 790 661
34581 5876 9301 1 1650 790 666
34633 5829 9309 1 1650 790 655
34700 5780 9309 1 1650 790 633
34781 5725 9310 1 1630 800 625
34871 5668 9312 1 1630 800 601
34975 5605 9323 1 1580 790 589
35076 5549 9339 1 1580 790 591
35169 5502 9352 1 1580 790 589
35250 5441 9386 1 1580 790 589
35332 5364 9396 1 1580 790 596
35414 5293 9401 1 1580 790 594
35492 5232 9410 1 1560 800 598
35572 5177 9423 1 1560 800 596
35662 5130 9425 1 1560 800 588
35756 5102 9438 1 1560 800 573
35855 5074 9438 1 1620 810 559
35947 5052 9443 1 1600 810 554
36021 5031 9445 1 1600 810 568
36089 5014 9478 1 1660 820 572
36144 5004 9511 1 1730 820 579
36188 5000 9522 1 1800 820 596
36230 5003 9527 1 1800 820 610
36271 5003 9527 1 1800 820 620
36331 5008 9532 1 1800 820 617
36397 5014 9544 1 1880 830 602
36477 5016 9545 1 1960 830 588
36549 5032 9547 1 1960 830 570
36621 5046 9548 1 1960 830 561
36695 5065 9573 1 2030 820 570
36761 5084 9580 1 2030 820 567
36822 5102 9580 1 1960 830 559
36867 5115 9583 1 1960 830 578
36903 5122 9586 1 1960 830 593
36931 5130 9586 1 1960 830 609
36974 5143 9593 1 1960 830 625
37023 5159 9593 1 1960 830 628
37081 5177 9604 1 1960 830 625
37151 5202 9639 1 1960 830 616
37223 5232 9679 1 1960 830 615
37298 5267 9722 1 1880 830 607
37365 5304 9760 1 1870 820 606
37417 5339 9791 1 1870 820 601
37468 5380 9822 1 1870 820 609
37519 5419 9839 1 1870 820 607
37565 5460 9842 1 1940 820 614
37608 5504 9843 1 1940 820 621
37648 5548 9855 1 2000 810 631
37685 5589 9861 1 2040 800 618
37728 5632 9872 1 2040 800 625
37772 5676 9874 1 2090 800 622
37816 5721 9890 1 2090 800 615
37859 5751 9901 1 2140 790 616
37898 5771 9904 1 2110 780 624
37936 5792 9912 1 2150 780 635
37970 5812 9914 1 2190 770 638
38018 5835 9928 1 2190 770 650
38067 5859 9931 1 2190 760 661
38115 5886 9941 1 2190 760 643
38163 5909 9950 1 2220 750 634
38212 5937 9950 1 2200 750 642
38254 5965 9954 1 2220 740 649
38288 5992 9959 1 2220 740 646
38321 6015 9961 1 2200 730 654
38352 6036 9972 1 2200 730 659
38381 6057 9973 1 2230 730 663
38411 6082 9985 1 2230 730 649
38442 6113 9993 1 2230 730 653
38472 6146 10001 1 2200 720 659
38500 6182 10003 1 2180 720 658
38520 6216 10017 1 2180 720 655
38529 6279 10020 1 2180 720 649
38538 6349 10031 1 2150 730 632
38548 6424 10034 1 2130 720 656
38556 6497 10037 1 2130 720 645
38565 6573 10037 1 2110 730 631
38572 6637 10051 1 2110 730 648
38575 6706 10056 1 2110 730 649
38577 6774 10058 1 2110 730 653
38576 6841 10065 1 2110 730 648
38574 6922 10075 1 2090 720 643
38566 7007 10080 1 2090 720 630
38550 7094 10086 1 2090 720 617
38533 7193 10095 1 2090 720 597
38509 7294 10096 1 2090 720 602
38481 7396 10097 1 2090 720 568
38447 7503 10105 1 2120 710 573
38408 7603 10113 1 2120 710 559
38367 7673 10115 1 2120 710 569
38320 7745 10119 1 2120 710 569
38261 7809 10124 1 2140 710 592
38197 7861 10137 1 2120 700 579
38133 7908 10142 1 2120 700 583
38064 7959 10145 1 2120 700 594
37992 8009 10153 1 2120 700 589
37942 8080 10154 1 2120 700 588
37897 8149 10164 1 2100 710 591
37846 8208 10167 1 2100 710 574
37779 8280 10173 1 2080 700 558
37713 8349 10187 1 2060 700 570
37639 8415 10191 1 2060 700 559
37562 8476 10194 1 2050 690 560
37475 8533 10224 1 2020 700 571
37382 8587 10253 1 2020 700 592
37295 8636 10283 1 2010 690 597
37227 8676 10307 1 1990 690 592
37173 8711 10323 1 1990 690 583
37124 8740 10328 1 1990 690 564
37072 8762 10330 1 1960 690 560
37017 8783 10335 1 1960 690 539
36955 8801 10337 1 1930 690 537
36887 8819 10339 1 1930 690 535
36814 8840 10341 1 1930 690 541
36730 8862 10345 1 1930 690 555
36642 8884 10347 1 1910 700 550
36550 8907 10350 1 1910 700 576
36463 8928 10352 1 1910 700 569
36384 8945 10355 1 1910 710 564
36312 8955 10355 1 1910 710 557
36250 8959 10358 1 1910 710 541
36189 8960 10358 1 1920 720 497
36131 8961 10361 1 1950 710 467
36072 8959 10361 1 1950 710 442
36007 8956 10365 1 1960 720 413
35935 8955 10366 1 1960 720 440
35856 8955 10368 1 1930 730 460
35768 8955 10371 1 1940 740 496
35677 8954 10371 1 1940 740 508
35594 8953 10377 1 1950 750 523
35517 8951 10377 1 1950 750 549
35441 8948 10383 1 1910 750 543
35372 8945 10385 1 1910 750 546
35310 8943 10386 1 1910 750 547
35250 8932 10390 1 1870 750 543
35194 8921 10393 1 1870 750 541
35127 8904 10396 1 1840 750 532
35055 8885 10396 1 1800 750 524
34980 8864 10397 1 1800 750 537
34901 8841 10397 1 1800 750 555
34831 8819 10398 1 1800 750 556
34754 8796 10399 1 1800 750 573
34684 8772 10400 1 1760 750 563
34619 8745 10400 1 1760 750 570
34558 8714 10401 1 1760 750 570
34485 8674 10401 1 1730 740 566
34410 8628 10401 1 1730 740 572
34340 8578 10401 1 1730 740 567
34275 8524 10401 1 1730 740 566
34215 8467 10403 1 1730 730 563
34164 8409 10407 1 1730 730 564
34118 8350 10407 1 1730 730 560
34077 8288 10409 1 1730 730 552
34041 8234 10411 1 1730 730 549
34006 8188 10411 1 1730 730 553
33956 8140 10417 1 1730 730 561
33906 8092 10420 1 1730 730 560
33859 8038 10422 1 1730 730 578
33823 7987 10422 1 1730 730 572
33795 7932 10425 1 1730 730 586
33773 7874 10429 1 1730 740 568
33760 7815 10432 1 1730 740 561
33754 7753 10432 1 1730 740 557
33753 7686 10433 1 1700 740 557
33754 7610 10439 1 1690 750 552
33754 7536 10439 1 1690 750 557
33754 7466 10441 1 1690 750 553
33755 7397 10442 1 1680 760 557
33757 7329 10447 1 1680 760 557
33760 7256 10451 1 1640 750 564
33763 7175 10453 1 1630 760 562
33789 7082 10453 1 1630 760 568
33837 6980 10454 1 1620 770 574
33905 6881 10455 1 1620 770 563
33974 6791 10455 1 1620 770 560
34012 6714 10456 1 1600 780 561
34052 6649 10457 1 1600 780 565
34091 6592 10459 1 1600 780 578
34129 6537 10460 1 1600 780 588
34166 6483 10461 1 1600 780 582
34209 6428 10469 1 1650 790 571
34259 6370 10469 1 1650 790 561
34312 6309 10470 1 1650 790 549
34370 6248 10471 1 1700 790 538
34423 6188 10474 1 1700 790 528
34476 6131 10486 1 1700 790 536
34531 6077 10488 1 1750 790 542
34575 6022 10496 1 1750 790 551
34630 5972 10511 1 1750 790 566
34698 5920 10517 1 1750 780 559
34787 5872 10518 1 1710 780 542
34889 5826 10525 1 1710 780 525
34988 5786 10541 1 1710 780 500
35094 5724 10545 1 1700 790 475
35206 5618 10562 1 1700 790 481
35323 5528 10565 1 1650 790 472
35421 5450 10566 1 1650 790 468
35516 5397 10587 1 1650 790 471
35609 5358 10590 1 1650 790 478
35702 5324 10605 1 1650 790 478
35812 5293 10609 1 1630 800 475
35937 5270 10609 1 1630 800 464
36054 5244 10620 1 1690 800 437
36173 5214 10630 1 1690 800 366
36297 5188 10633 1 1740 800 339
36398 5166 10644 1 1800 800 330
36487 5144 10651 1 1800 800 345
36564 5128 10655 1 1800 810 386
36650 5119 10657 1 1860 810 424
36717 5118 10668 1 1920 810 455
36758 5128 10672 1 1920 810 486
36798 5136 10681 1 1920 810 497
36845 5145 10681 1 1980 810 501
36911 5154 10682 1 1920 810 501
36983 5164 10687 1 1920 810 476
37042 5172 10690 1 1920 810 487
37092 5182 10695 1 1920 810 489
37132 5198 10696 1 1980 810 496
37161 5212 10696 1 1980 810 503
37185 5225 10700 1 1980 810 525
37205 5236 10703 1 1980 810 545
37228 5253 10709 1 1920 810 573
37251 5275 10715 1 1920 810 584
37277 5300 10718 1 1920 810 601
37309 5336 10723 1 1920 810 600
37349 5373 10728 1 1920 810 592
37385 5416 10734 1 1920 810 597
37437 5455 10735 1 1920 810 576
37485 5490 10742 1 1970 800 588
37525 5523 10742 1 2020 790 591
37561 5563 10747 1 2020 790 595
37597 5613 10750 1 2060 790 598
37633 5664 10757 1 2110 780 595
37672 5721 10781 1 2110 780 597
37739 5790 10803 1 2120 770 611
37804 5844 10816 1 2120 770 586
37876 5867 10817 1 2160 770 603
37946 5892 10818 1 2130 760 581
38011 5916 10819 1 2170 750 571
38071 5939 10822 1 2170 750 573
38126 5960 10828 1 2200 750 581
38172 5988 10842 1 2170 740 577
38215 6021 10856 1 2200 730 602
38253 6056 10856 1 2200 730 602
38286 6099 10860 1 2180 720 605
38318 6150 10863 1 2200 720 616
38349 6203 10866 1 2200 720 628
38361 6286 10868 1 2200 720 615
38367 6372 10869 1 2180 710 597
38368 6472 10872 1 2180 710 603
38367 6552 10876 1 2180 710 572
38367 6636 10890 1 2180 710 557
38365 6726 10892 1 2170 700 557
38359 6833 10894 1 2170 700 544
38354 6957 10900 1 2170 700 519
38350 7087 10903 1 2150 700 530
38343 7214 10910 1 2150 700 555
38327 7331 10918 1 2150 700 566
38307 7437 10919 1 2150 700 548
38283 7534 10925 1 2150 700 539
38255 7612 10942 1 2150 700 554
38228 7680 10944 1 2150 700 550
38203 7736 10963 1 2120 700 531
38173 7778 10965 1 2120 700 527
38133 7821 10986 1 2120 700 526
38083 7868 10989 1 2110 690 520
38022 7916 11004 1 2110 690 513
37946 7965 11024 1 2110 690 511
37870 8018 11025 1 2080 700 521
37807 8081 11042 1 2080 700 542
37734 8147 11044 1 2080 700 551
37662 8216 11061 1 2060 700 549
37593 8299 11077 1 2060 700 540
37532 8375 11094 1 2050 690 559
37477 8443 11095 1 2020 700 532
37427 8495 11102 1 2020 700 536
37379 8540 11111 1 2020 700 531
37326 8583 11123 1 1990 690 530
37266 8626 11131 1 1990 690 521
37200 8670 11143 1 1990 690 520
37127 8711 11146 1 1960 690 544
37049 8749 11152 1 1960 690 567
36970 8782 11168 1 1950 680 579
36891 8811 11169 1 1930 690 581
36816 8837 11182 1 1930 690 589
36743 8862 11186 1 1930 690 578
36673 8885 11196 1 1930 690 569
36601 8902 11201 1 1930 690 561
36526 8915 11220 1 1930 690 563
36452 8926 11224 1 1930 690 567
36372 8935 11228 1 1930 690 561
36286 8944 11241 1 1940 690 561
36196 8954 11255 1 1940 690 578
36101 8964 11263 1 1940 690 581
36002 8974 11277 1 1940 700 578
35920 8979 11284 1 1940 700 599
35837 8980 11286 1 1910 710 610
35753 8978 11314 1 1920 720 607
35669 8975 11315 1 1920 720 609
35586 8971 11327 1 1930 730 591
35498 8968 11347 1 1900 730 595
35410 8964 11352 1 1900 740 568
35323 8960 11372 1 1900 740 584
35234 8954 11376 1 1870 750 609
35147 8946 11390 1 1870 750 596
35048 8933 11401 1 1840 750 590
34956 8922 11411 1 1800 750 598
34863 8909 11426 1 1800 750 597
34778 8895 11429 1 1800 750 592
34698 8877 11435 1 1800 750 609
34620 8855 11438 1 1800 750 607
34538 8828 11440 1 1760 750 610
34436 8794 11441 1 1760 750 597
34341 8755 11443 1 1760 750 589
34254 8712 11448 1 1760 750 591
34172 8662 11448 1 1730 750 598
34089 8607 11449 1 1730 750 614
33964 8550 11451 1 1730 750 603
33838 8485 11453 1 1730 740 607
33747 8421 11456 1 1700 740 603
33680 8351 11459 1 1700 740 596
33622 8295 11460 1 1700 740 598
33576 8250 11461 1 1700 740 593
33536 8190 11462 1 1700 740 587
33505 8116 11464 1 1700 740 590
33478 8035 11466 1 1700 740 595
33456 7956 11470 1 1660 740 597
33441 7879 11471 1 1660 740 604
33429 7794 11473 1 1660 740 604
33421 7719 11476 1 1660 740 608
33417 7664 11480 1 1630 730 606
33416 7606 11481 1 1620 740 597
33416 7546 11482 1 1620 740 597
33417 7486 11485 1 1620 740 595
33422 7430 11489 1 1570 750 599
33432 7377 11493 1 1570 750 610
33447 7322 11494 1 1570 750 610
33463 7273 11495 1 1560 760 615
33481 7214 11497 1 1560 760 621
33502 7152 11499 1 1540 770 624
33529 7091 11501 1 1540 770 625
33565 7027 11503 1 1520 780 625
33615 6948 11509 1 1520 780 622
33683 6872 11510 1 1520 780 631
33762 6792 11512 1 1490 780 621
33841 6715 11515 1 1490 780 628
33925 6643 11515 1 1490 780 631
33981 6591 11517 1 1490 780 632
34016 6544 11522 1 1490 780 635
34055 6493 11525 1 1540 790 634
34100 6440 11529 1 1540 790 633
34151 6394 11534 1 1540 790 632
34214 6331 11535 1 1540 790 621
34284 6212 11537 1 1580 790 618
34372 6088 11542 1 1580 790 609
34470 5964 11543 1 1580 790 607
34545 5840 11546 1 1600 780 601
34615 5735 11554 1 1600 780 613
34694 5647 11554 1 1580 790 630
34775 5568 11563 1 1580 790 637
34861 5505 11564 1 1580 790 633
34951 5445 11566 1 1580 790 638
35051 5379 11574 1 1580 790 640
35143 5333 11576 1 1540 790 623
35257 5299 11579 1 1540 790 620
35390 5267 11592 1 1510 800 605
35520 5236 11593 1 1510 800 593
35658 5210 11597 1 1560 800 601
35779 5191 11605 1 1560 800 590
35893 5167 11606 1 1560 800 586
35992 5145 11606 1 1560 800 607
36071 5128 11613 1 1560 800 617
36147 5115 11620 1 1600 810 632
36229 5104 11620 1 1600 810 635
36315 5091 11629 1 1660 820 621
36398 5077 11633 1 1730 820 611
36483 5067 11633 1 1800 820 590
36610 5061 11635 1 1800 820 575
36715 5057 11636 1 1800 820 584
36793 5058 11636 1 1800 820 549
36863 5059 11637 1 1870 820 567
36924 5062 11638 1 1870 820 565
36974 5065 11641 1 1870 820 573
37010 5069 11643 1 1870 820 588
37027 5077 11645 1 1870 820 602
37040 5085 11653 1 1870 820 623
37059 5096 11656 1 1870 820 632
37081 5108 11661 1 1870 820 631
37110 5123 11661 1 1870 820 627
37143 5141 11664 1 1940 820 613
37174 5157 11665 1 1940 820 605
37205 5175 11668 1 1870 820 605
37233 5193 11668 1 1870 820 601
37257 5213 11669 1 1870 820 598
37285 5236 11670 1 1870 820 591
37313 5260 11671 1 1870 820 605
37342 5285 11671 1 1920 810 617
37365 5307 11672 1 1920 810 621
37389 5330 11672 1 1980 810 642
37420 5356 11673 1 2040 800 647
37451 5385 11673 1 2040 800 659
37490 5427 11674 1 2090 800 667
37532 5476 11678 1 2090 800 677
37577 5528 11683 1 2110 780 677
37621 5572 11683 1 2110 780 698
37661 5605 11687 1 2110 780 696
37711 5642 11689 1 2150 780 715
37773 5689 11694 1 2120 770 708
37837 5759 11694 1 2120 770 696
37899 5853 11701 1 2160 770 678
37952 5976 11704 1 2160 770 649
37966 6110 11705 1 2130 760 537
37928 6269 11709 1 2170 750 239
