51346 33408 897 1 1800 520 29
51357 33383 902 1 1800 520 50
51361 33371 905 1 1800 520 65
51364 33360 908 1 1800 520 75
51366 33351 911 1 1800 520 77
51366 33342 912 1 1800 520 87
51366 33331 914 1 1800 520 105
51366 33318 915 1 1800 520 119
51367 33304 916 1 1800 520 138
51367 33289 916 1 1800 520 143
51367 33272 917 1 1800 520 143
51370 33253 919 1 1800 520 153
51373 33230 920 1 1800 520 165
51376 33206 921 1 1800 520 162
51378 33182 921 1 1800 520 167
51378 33157 922 1 1800 520 172
51380 33133 922 1 1790 520 180
51382 33113 925 1 1800 520 185
51385 33092 927 1 1800 530 183
51386 33070 930 1 1800 530 204
51389 33047 932 1 1800 530 203
51390 33022 935 1 1800 530 218
51391 32996 937 1 1800 530 218
51392 32965 938 1 1800 530 218
51392 32933 939 1 1800 530 242
51393 32900 939 1 1800 530 234
51393 32866 939 1 1800 530 243
51394 32839 940 1 1800 530 251
51399 32811 940 1 1800 530 249
51403 32781 940 1 1800 530 245
51409 32749 940 1 1800 540 257
51415 32716 940 1 1800 540 260
51421 32686 941 1 1800 540 262
51427 32660 942 1 1800 540 264
51429 32640 942 1 1800 540 256
51430 32620 944 1 1800 540 266
51431 32602 944 1 1800 540 268
51432 32583 946 1 1800 540 271
51434 32560 951 1 1800 540 278
51435 32538 955 1 1800 540 290
51438 32515 960 1 1800 540 294
51440 32494 965 1 1800 540 291
51440 32480 969 1 1800 540 287
51441 32463 973 1 1800 540 292
51442 32448 977 1 1800 540 292
51443 32429 981 1 1800 540 299
51447 32407 987 1 1800 550 302
51450 32382 992 1 1800 550 315
51456 32358 1000 1 1790 550 321
51461 32335 1006 1 1790 550 315
51465 32314 1013 1 1790 550 309
51470 32290 1020 1 1790 550 317
51475 32264 1027 1 1790 550 319
51478 32236 1033 1 1790 550 321
51482 32204 1040 1 1790 550 324
51482 32173 1045 1 1790 560 314
51483 32140 1052 1 1790 560 326
51485 32106 1059 1 1790 560 319
51491 32067 1069 1 1790 560 316
51497 32018 1088 1 1790 560 328
51505 31965 1109 1 1790 560 328
51514 31915 1130 1 1790 560 334
51521 31867 1151 1 1800 560 333
51526 31822 1169 1 1800 560 330
51528 31782 1185 1 1800 560 348
51530 31742 1193 1 1800 550 339
51531 31704 1200 1 1800 550 341
51533 31666 1201 1 1800 550 347
51536 31628 1211 1 1800 550 345
51538 31588 1211 1 1800 550 341
51540 31546 1215 1 1800 550 343
51543 31502 1215 1 1800 550 340
51552 31470 1217 1 1800 540 347
51562 31436 1219 1 1800 540 345
51571 31402 1230 1 1800 540 340
51580 31369 1238 1 1800 540 354
51586 31337 1241 1 1800 540 347
51590 31304 1245 1 1800 540 348
51594 31274 1246 1 1800 540 350
51597 31248 1249 1 1800 540 346
51600 31222 1253 1 1800 540 353
51602 31199 1257 1 1790 540 347
51605 31173 1261 1 1790 540 351
51608 31148 1262 1 1790 540 356
51609 31121 1267 1 1800 540 357
51611 31095 1272 1 1800 540 357
51612 31069 1277 1 1800 550 356
51613 31048 1278 1 1800 550 353
51613 31027 1282 1 1800 550 359
51614 31008 1287 1 1800 550 356
51615 30989 1292 1 1800 550 350
51616 30967 1295 1 1800 550 359
51616 30947 1297 1 1800 550 353
51617 30928 1300 1 1800 550 355
51618 30910 1302 1 1800 550 354
51618 30894 1302 1 1800 560 349
51619 30876 1305 1 1800 560 356
51620 30856 1308 1 1800 560 357
51620 30834 1309 1 1800 560 363
51621 30811 1310 1 1800 560 365
51622 30786 1312 1 1800 560 360
51623 30761 1314 1 1800 560 365
51624 30736 1316 1 1800 560 365
51625 30712 1317 1 1800 560 358
51625 30693 1319 1 1800 560 365
51626 30679 1321 1 1800 560 353
51626 30670 1322 1 1800 560 343
51626 30665 1323 1 1800 560 334
51627 30663 1325 1 1800 560 304
51627 30661 1327 1 1800 560 269
51627 30661 1327 1 1800 560 209
51627 30660 1329 1 1800 560 110
51593 30684 1331 0 1800 560 0
51563 30716 1333 0 1800 560 0
51518 30769 1333 0 1800 560 0
51422 30878 1336 0 1800 560 0
51299 31000 1337 0 1800 560 0
51206 31106 1338 0 1800 560 0
51206 31107 1340 0 1800 560 0
51207 31110 1342 0 1800 560 0
51202 31076 1343 0 2150 530 0
51198 31043 1346 0 2150 530 0
51194 31009 1347 0 2150 530 0
51191 30977 1348 0 2140 530 0
51186 30946 1351 0 2130 530 0
51182 30917 1352 0 2100 540 0
51178 30888 1353 0 2070 540 0
51174 30859 1356 0 2040 550 0
51170 30830 1356 0 2000 540 0
51165 30801 1358 0 1970 550 0
51161 30772 1362 0 1940 540 0
51157 30744 1363 0 1910 540 0
51153 30715 1363 0 1880 540 0
51148 30687 1365 0 1850 540 0
51143 30659 1369 0 1830 540 0
51138 30632 1370 0 1800 530 0
51134 30605 1373 0 1800 530 0
51129 30577 1377 0 1790 530 0
51124 30550 1377 0 1760 520 0
51119 30522 1381 0 1750 520 0
51114 30495 1385 0 1740 520 0
51109 30467 1386 0 1740 520 0
51104 30440 1389 0 1750 530 0
51100 30412 1393 0 1750 530 0
51094 30385 1396 0 1750 530 0
51089 30357 1398 0 1760 540 0
51084 30329 1401 0 1760 540 0
51080 30302 1404 0 1770 550 0
51075 30274 1408 0 1770 550 0
51070 30248 1409 0 1770 550 0
51066 30222 1412 0 1790 550 0
51061 30196 1416 0 1790 550 0
51057 30169 1418 0 1790 550 0
51053 30144 1420 0 1790 550 0
51048 30117 1424 0 1790 550 0
51044 30091 1426 0 1800 550 0
51040 30064 1427 0 1800 550 0
51035 30038 1428 0 1800 550 0
51031 30014 1432 0 1800 550 0
51032 30014 1433 0 1800 550 0
51032 30014 1436 0 1800 550 0
51059 30016 1437 0 1800 550 0
51102 30053 1440 0 1810 550 0
51170 30121 1443 0 1810 550 0
51269 30245 1445 0 1810 540 0
51319 30330 1448 0 1810 540 0
51367 30394 1449 0 1830 540 0
51406 30433 1451 0 1830 540 0
51447 30432 1453 0 1830 540 0
51444 30419 1455 0 1830 540 0
51447 30435 1457 0 1830 540 0
51424 30438 1459 0 1830 540 0
51366 30428 1460 0 1840 540 0
51298 30383 1462 0 1840 540 0
51221 30365 1462 0 1840 540 0
51186 30358 1464 0 1840 540 0
51183 30320 1466 0 1840 530 0
51170 30288 1468 0 1840 530 0
51170 30249 1471 0 1840 530 0
51180 30206 1472 0 1840 530 0
51193 30167 1475 0 1840 530 0
51198 30133 1477 0 1840 530 0
51201 30105 1481 0 1840 530 0
51205 30085 1487 0 1840 530 0
51214 30082 1492 0 1840 530 0
51225 30082 1498 0 1840 530 0
51234 30076 1503 0 1840 530 0
51246 30079 1509 0 1840 530 0
51258 30082 1514 0 1840 530 0
51269 30108 1521 0 1840 530 0
51273 30136 1526 0 1840 530 0
51279 30170 1533 0 1840 530 0
51287 30204 1539 0 1840 530 0
51292 30237 1546 0 1840 530 0
51300 30267 1552 0 1840 530 0
51311 30291 1560 0 1840 530 0
51324 30313 1566 0 1840 540 0
51339 30332 1573 0 1840 540 0
51354 30350 1580 0 1840 540 0
51371 30367 1587 0 1840 540 0
51387 30383 1594 0 1840 540 0
51404 30396 1600 0 1840 540 5
51420 30408 1607 0 1840 540 31
51436 30418 1614 0 1840 540 42
51449 30425 1620 0 1840 540 55
51458 30432 1626 0 1840 540 73
51464 30438 1633 0 1840 540 82
51469 30444 1638 0 1840 540 90
51471 30451 1644 0 1840 540 99
51473 30461 1649 0 1840 540 108
51475 30471 1655 0 1840 540 123
51477 30481 1661 0 1840 530 135
51479 30492 1667 0 1840 530 140
51482 30504 1673 0 1840 530 157
51485 30515 1679 0 1840 530 170
51490 30525 1685 0 1840 530 174
51497 30533 1691 0 1840 530 182
51504 30539 1696 0 1840 530 184
51510 30544 1703 0 1840 530 195
51518 30550 1708 0 1840 540 199
51525 30556 1714 0 1840 540 203
51533 30562 1720 0 1840 540 218
51540 30570 1726 0 1830 540 222
51548 30580 1732 0 1830 540 229
51553 30588 1739 0 1830 540 229
51559 30597 1744 0 1830 540 236
51563 30605 1750 0 1830 540 244
51566 30612 1755 0 1810 540 237
51570 30618 1761 0 1810 540 235
51572 30622 1767 0 1810 540 243
51575 30625 1773 0 1810 540 241
51575 30626 1779 0 1810 540 241
51575 30627 1785 0 1800 540 243
51575 30628 1791 0 1800 540 242
51575 30629 1797 0 1800 540 253
51575 30630 1803 0 1800 540 249
51575 30631 1809 0 1800 540 245
51575 30630 1816 0 1800 540 252
51572 30628 1822 0 1800 540 250
51564 30628 1829 0 1800 540 256
51617 30490 1844 1 1800 540 254
51553 30630 2209 0 1800 550 254
51595 30489 2209 1 1800 550 260
51582 30488 2212 1 1800 550 255
51570 30488 2216 1 1800 550 252
51559 30487 2217 1 1800 550 259
51545 30485 2220 1 1800 550 252
51531 30482 2223 1 1800 550 256
51511 30480 2224 1 1800 550 258
51489 30479 2226 1 1790 560 256
51466 30477 2226 1 1790 560 262
51444 30476 2229 1 1790 560 263
51423 30473 2234 1 1790 560 262
51398 30470 2238 1 1790 560 265
51373 30469 2243 1 1790 560 265
51345 30465 2246 1 1790 560 266
51315 30462 2249 1 1790 560 266
51291 30459 2253 1 1790 560 267
51267 30455 2257 1 1770 560 272
51244 30450 2260 1 1770 560 271
51220 30445 2264 1 1770 560 270
51200 30435 2268 1 1770 560 275
51179 30425 2275 1 1770 570 270
51158 30416 2281 1 1770 570 275
51138 30407 2289 1 1770 570 276
51117 30398 2297 1 1770 570 274
51097 30390 2307 1 1770 570 279
51076 30382 2315 1 1770 570 279
51053 30372 2324 1 1770 570 281
51030 30361 2328 1 1770 570 287
51011 30353 2333 1 1770 570 281
50994 30346 2341 1 1770 570 284
50977 30341 2341 1 1770 570 285
50958 30335 2346 1 1770 570 285
50939 30329 2347 1 1770 570 290
50922 30323 2352 1 1770 570 290
50905 30316 2357 1 1770 570 292
50889 30309 2363 1 1770 570 296
50870 30301 2364 1 1770 570 289
50846 30290 2367 1 1770 570 294
50820 30279 2369 1 1770 570 291
50794 30267 2370 1 1780 570 289
50770 30257 2376 1 1780 570 298
50746 30244 2378 1 1780 570 293
50724 30233 2380 1 1780 570 295
50705 30224 2381 1 1780 570 300
50687 30213 2382 1 1780 570 295
50671 30203 2383 1 1780 570 303
50653 30193 2385 1 1780 570 303
50635 30183 2385 1 1770 570 299
50617 30174 2387 1 1770 570 305
50599 30164 2390 1 1770 570 301
50578 30154 2391 1 1770 570 300
50556 30143 2392 1 1770 570 302
50535 30132 2393 1 1770 570 299
50515 30122 2393 1 1770 570 306
50493 30112 2396 1 1770 570 302
50473 30103 2396 1 1770 570 294
50452 30094 2396 1 1770 580 298
50434 30084 2396 1 1770 580 288
50419 30076 2399 1 1750 580 277
50405 30068 2399 1 1750 590 259
50390 30058 2400 1 1750 590 234
50376 30047 2401 1 1750 590 214
50362 30039 2401 1 1750 590 179
50347 30030 2403 1 1750 590 139
50333 30023 2407 1 1750 590 95
50318 30016 2411 1 1740 580 26
50300 30005 2411 1 1740 580 0
50282 29995 2411 1 1740 580 0
50263 29986 2417 1 1740 580 0
50246 29977 2419 1 1740 580 0
50231 29968 2421 1 1730 590 0
50213 29958 2425 1 1730 590 0
50194 29945 2426 1 1730 590 0
50175 29934 2428 1 1730 590 0
50154 29923 2430 1 1740 580 0
50135 29912 2434 1 1740 580 0
50115 29902 2435 1 1740 580 0
50092 29891 2436 1 1740 580 0
50070 29880 2439 1 1740 580 0
50051 29869 2443 1 1860 320 0
50031 29856 2444 1 1850 330 0
50012 29844 2447 1 1850 330 0
49994 29833 2448 1 1850 340 0
49972 29823 2451 1 1850 340 0
49951 29813 2452 1 1860 350 0
49932 29805 2454 1 1870 360 0
49912 29797 2454 1 1870 360 0
49894 29788 2455 1 1870 370 0
49879 29780 2456 1 1870 370 0
49862 29771 2460 1 1860 380 0
49849 29763 2463 1 1850 380 0
49835 29756 2467 1 1850 390 0
49822 29748 2476 1 1840 400 0
49808 29742 2478 1 1830 400 0
49791 29735 2483 1 1830 410 0
49777 29730 2484 1 1820 420 0
49764 29725 2492 1 1820 420 0
49755 29722 2493 1 1810 430 0
49748 29719 2497 1 1810 430 0
49744 29714 2501 1 1810 430 0
49741 29712 2501 1 1800 440 0
49738 29710 2505 1 1800 440 0
49735 29708 2507 1 1800 440 0
49731 29706 2509 1 1800 450 0
49727 29703 2511 1 1800 450 0
49723 29701 2513 1 1800 460 0
49671 29721 2514 0 1800 460 0
49659 29719 2515 0 1800 470 0
49654 29719 2516 0 1810 480 0
49647 29720 2517 0 1820 490 0
49647 29741 2517 0 1820 490 0
49647 29763 2517 0 1840 500 0
49646 29790 2519 0 1840 500 0
49652 29819 2519 0 1840 500 0
49685 29858 2519 0 1840 510 0
49719 29902 2522 0 1840 510 0
49766 29951 2524 0 1840 510 0
49766 29952 2525 0 1840 510 0
49767 29958 2525 0 1840 510 0
49802 30104 2526 0 1840 510 0
49839 30247 2528 0 1840 510 0
49880 30392 2530 0 1840 510 0
49923 30536 2534 0 1840 510 0
49966 30692 2534 0 1840 510 0
50009 30846 2536 0 1840 510 0
50054 30996 2538 0 1840 510 0
50098 31144 2542 0 1840 510 0
50141 31288 2544 0 1820 510 0
50186 31430 2545 0 1820 510 0
50229 31567 2546 0 1820 510 0
50271 31710 2549 0 1820 510 0
50311 31860 2553 0 1810 510 0
50354 32004 2554 0 1810 510 0
50398 32154 2561 0 1810 510 0
50441 32299 2563 0 1810 510 0
50488 32441 2571 0 1810 510 0
50538 32595 2571 0 1810 520 0
50587 32739 2579 0 1810 520 0
50623 32878 2580 0 1800 520 0
50651 33007 2588 0 1800 520 0
50669 33191 2588 0 1800 520 0
50689 33377 2597 0 1800 520 0
50690 33520 2598 0 1800 520 0
50695 33627 2606 0 1800 520 0
50699 33730 2607 0 1800 520 0
50700 33729 2614 0 1800 520 0
50703 33729 2616 0 1800 520 0
50717 33720 2622 0 1800 520 0
50752 33687 2625 0 1810 520 0
50816 33630 2630 0 1810 520 0
50915 33539 2633 0 1810 520 0
50989 33488 2639 0 1810 520 0
51066 33436 2647 0 1810 520 0
51138 33385 2648 0 1810 520 0
51203 33331 2658 0 1810 520 0
51253 33285 2662 0 1800 520 0
51285 33250 2667 0 1800 520 11
51286 33250 2677 0 1800 520 26
51286 33250 2678 0 1800 520 33
51279 33241 2688 0 1800 520 39
51238 33250 2692 0 1800 520 39
51179 33296 2696 0 1800 520 49
51118 33346 2706 0 1800 520 63
51061 33396 2708 0 1800 520 75
51017 33442 2715 0 1800 520 92
50988 33480 2722 0 1800 520 101
50976 33510 2725 0 1810 520 106
50968 33532 2733 0 1810 520 113
50958 33548 2738 0 1810 520 114
50957 33551 2744 0 1810 520 123
50957 33552 2753 0 1810 520 130
50956 33557 2754 0 1810 520 130
50961 33556 2766 0 1810 520 140
50971 33555 2772 0 1810 520 137
50979 33554 2779 0 1810 520 137
50986 33552 2790 0 1810 520 148
50995 33551 2793 0 1810 520 148
51000 33550 2807 0 1810 520 158
51003 33552 2809 0 1810 520 161
51004 33557 2820 0 1810 510 172
51007 33559 2825 0 1810 510 189
51012 33560 2833 0 1810 510 197
51020 33559 2843 0 1800 510 203
51029 33558 2846 0 1800 510 208
51039 33557 2858 0 1800 510 199
51049 33555 2860 0 1800 510 206
51058 33554 2870 0 1800 510 204
51066 33554 2876 0 1800 510 202
51072 33554 2879 0 1800 510 205
51078 33554 2889 0 1800 510 206
51085 33553 2892 0 1800 510 213
51092 33552 2898 0 1800 510 214
51104 33551 2906 0 1800 510 218
51116 33549 2908 0 1800 510 229
51133 33541 2915 0 1800 510 227
51149 33534 2916 0 1800 510 224
51166 33525 2926 0 1800 510 230
51182 33518 2926 0 1800 510 227
51195 33511 2934 0 1800 510 229
51210 33502 2935 0 1800 510 231
51221 33495 2944 0 1800 520 229
51231 33489 2946 0 1800 520 238
51238 33483 2952 0 1800 520 240
51240 33479 2957 0 1800 520 241
51242 33477 2962 0 1800 520 255
51244 33476 2970 0 1800 520 249
51245 33475 2970 0 1800 520 250
51247 33475 2980 0 1800 520 255
51248 33475 2982 0 1800 520 248
51248 33475 2988 0 1800 520 265
51249 33475 2996 0 1800 520 268
51249 33475 2997 0 1800 520 259
51249 33475 3005 0 1800 520 266
51249 33476 3009 0 1800 520 263
51250 33476 3012 0 1800 520 259
51250 33476 3021 0 1800 520 259
51248 33476 3023 0 1800 520 256
51243 33477 3027 0 1800 520 264
51238 33478 3034 0 1800 520 261
51231 33479 3036 0 1800 520 257
51223 33481 3047 0 1800 520 266
51214 33482 3050 0 1800 520 271
51333 33385 3064 1 1790 520 277
51310 33389 3895 1 1790 520 286
51186 33487 3895 0 1790 520 283
51300 33391 3898 1 1790 520 288
51288 33393 3900 1 1790 520 285
51274 33395 3903 1 1790 520 279
51258 33398 3904 1 1790 520 289
51241 33400 3907 1 1790 520 284
51225 33402 3909 1 1790 520 287
51210 33405 3913 1 1790 520 285
51192 33410 3915 1 1790 520 282
51169 33416 3917 1 1790 520 293
51143 33424 3917 1 1770 520 295
51113 33434 3917 1 1770 530 290
51084 33443 3920 1 1770 530 297
51056 33453 3922 1 1770 530 291
51027 33463 3925 1 1770 540 292
50997 33472 3927 1 1770 540 292
50968 33481 3929 1 1770 540 291
50938 33489 3932 1 1770 540 304
50912 33497 3935 1 1770 540 298
50888 33504 3938 1 1770 540 297
50862 33512 3942 1 1770 540 308
50835 33521 3945 1 1770 540 302
50808 33530 3947 1 1770 540 303
50786 33538 3948 1 1770 550 299
50765 33545 3948 1 1770 550 290
50743 33552 3949 1 1770 550 297
50723 33557 3949 1 1770 550 296
50703 33564 3949 1 1770 550 293
50684 33571 3950 1 1770 550 302
50665 33578 3951 1 1770 540 296
50644 33587 3952 1 1770 540 298
50622 33597 3955 1 1770 540 298
50601 33608 3960 1 1770 530 297
50577 33619 3965 1 1760 530 302
50553 33629 3971 1 1760 530 299
50532 33640 3976 1 1760 530 299
50509 33649 3982 1 1760 530 306
50486 33659 3987 1 1760 530 301
50466 33667 3992 1 1760 530 305
50442 33674 3997 1 1760 530 304
50418 33682 4006 1 1760 530 298
50393 33689 4014 1 1760 530 304
50367 33697 4024 1 1760 530 300
50343 33704 4033 1 1760 530 300
50319 33711 4041 1 1760 530 306
50297 33717 4048 1 1760 530 304
50276 33721 4056 1 1750 530 304
50254 33727 4067 1 1750 530 298
50233 33734 4078 1 1750 530 298
50214 33740 4089 1 1750 530 307
50192 33747 4100 1 1750 530 307
50170 33753 4111 1 1750 530 311
50148 33757 4122 1 1750 530 319
50128 33762 4133 1 1730 530 310
50109 33766 4143 1 1730 530 313
50091 33769 4153 1 1730 530 311
50072 33772 4162 1 1730 530 295
50051 33774 4172 1 1730 530 290
50033 33775 4181 1 1730 530 265
50016 33778 4191 1 1730 530 231
50001 33780 4200 1 1730 530 175
49988 33783 4209 1 1730 530 90
49970 33787 4218 1 1730 530 0
49947 33792 4229 1 1730 530 0
49924 33798 4239 1 1730 530 0
49899 33804 4250 1 1730 540 0
49874 33810 4260 1 1750 540 0
49852 33817 4271 1 1750 540 0
49832 33824 4281 1 1750 540 0
49812 33831 4291 1 1750 540 0
49795 33837 4300 1 1750 540 0
49775 33843 4311 1 1750 540 0
49753 33849 4321 1 1770 440 0
49729 33855 4332 1 1770 440 0
49703 33862 4343 1 1770 440 0
49679 33869 4353 1 1770 440 0
49656 33873 4365 1 1770 440 0
49632 33878 4375 1 1770 440 0
49608 33882 4386 1 1770 440 0
49581 33887 4397 1 1770 440 0
49556 33892 4408 1 1760 450 0
49532 33898 4419 1 1760 450 0
49510 33903 4430 1 1760 450 0
49488 33909 4440 1 1760 450 0
49464 33915 4451 1 1760 450 0
49440 33919 4462 1 1760 450 0
49417 33924 4473 1 1760 450 0
49396 33927 4483 1 1770 450 0
49380 33929 4493 1 1770 450 0
49365 33931 4502 1 1770 460 0
49347 33933 4513 1 1770 460 0
49329 33934 4522 1 1780 460 0
49314 33934 4532 1 1780 460 0
49301 33935 4541 1 1780 470 0
49293 33935 4550 1 1790 470 0
49283 33936 4558 1 1790 470 0
49270 33938 4568 1 1790 470 0
49253 33940 4578 1 1800 470 0
49238 33943 4588 1 1800 470 0
49220 33946 4598 1 1800 470 0
49203 33950 4609 1 1800 480 0
49188 33952 4618 1 1800 480 0
49170 33955 4629 1 1800 480 0
49155 33958 4638 1 1800 490 0
49140 33961 4649 1 1800 490 0
49123 33963 4660 1 1800 490 0
49105 33966 4670 1 1800 500 0
49085 33968 4685 1 1800 500 0
49065 33970 4699 1 1800 500 0
49045 33972 4714 1 1800 500 0
49025 33974 4721 1 1800 500 0
49009 33977 4723 1 1800 510 0
48996 33979 4725 1 1800 510 0
48981 33981 4728 1 1800 510 0
48968 33983 4728 1 1790 510 0
48957 33985 4730 1 1790 520 0
48945 33986 4734 1 1790 520 0
48937 33987 4736 1 1790 520 0
48929 33990 4736 1 1790 520 0
48915 33992 4737 1 1790 520 0
48899 33995 4741 1 1790 520 0
48879 33999 4746 1 1790 520 0
48855 34002 4749 1 1790 520 0
48835 34005 4750 1 1790 520 0
48819 34008 4751 1 1790 520 0
48810 34009 4751 1 1790 530 0
48805 34010 4751 1 1790 530 0
48806 34009 4752 1 1790 530 0
48806 34009 4752 1 1790 530 0
48763 34009 4757 0 1790 530 0
48772 34001 4762 0 1790 530 0
48790 34000 4770 0 1790 530 0
48813 34001 4775 0 1790 530 0
48839 34005 4777 0 1790 530 0
48868 34017 4781 0 1790 530 0
48906 34024 4784 0 1790 530 0
48906 34024 4786 0 1790 530 0
48908 34025 4796 0 1790 530 0
48908 34025 4805 0 1790 530 0
48908 34025 4814 0 1790 530 0
48908 34025 4816 0 1770 530 6
48909 34025 4821 0 1770 530 20
48909 34025 4825 0 1770 530 33
48909 34026 4835 0 1770 530 43
48909 34026 4872 0 1790 530 52
48824 33939 4890 0 1790 530 71
48718 33817 4898 0 1790 530 82
48612 33655 4898 0 1790 530 89
48501 33426 4907 0 1790 530 106
48370 33198 4909 0 1790 530 123
48240 32997 4916 0 1790 530 146
48116 32774 4922 0 1790 530 153
48108 32774 4924 0 1790 530 160
48101 32773 4929 0 1790 530 171
48065 32787 4933 0 1790 530 181
48003 32830 4940 0 1790 530 181
47902 32912 4941 0 1790 530 190
47791 33034 4949 0 1790 530 191
47765 33100 4949 0 1790 530 193
47774 33157 4991 0 1790 530 201
47779 33204 5029 0 1790 530 209
47825 33246 5056 0 1790 530 223
47898 33285 5077 0 1770 530 219
47986 33332 5089 0 1770 530 226
48084 33395 5094 0 1770 530 241
48183 33454 5104 0 1770 530 243
48280 33510 5116 0 1770 530 256
48376 33564 5128 0 1770 530 264
48463 33611 5134 0 1770 530 257
48523 33652 5134 0 1770 530 269
48572 33686 5135 0 1770 530 276
48616 33713 5138 0 1770 530 272
48655 33735 5138 0 1770 520 278
48688 33753 5139 0 1760 520 273
48712 33770 5139 0 1760 520 279
48725 33785 5145 0 1760 520 285
48730 33798 5157 0 1760 520 286
48730 33810 5169 0 1760 520 290
48730 33822 5182 0 1760 520 294
48723 33831 5196 0 1760 510 301
48711 33838 5212 0 1760 510 306
48700 33843 5227 0 1760 510 305
48691 33846 5241 0 1760 510 314
48684 33849 5254 0 1760 510 319
48680 33852 5266 0 1760 510 321
48678 33855 5277 0 1760 510 326
48678 33860 5288 0 1760 510 324
48678 33865 5299 0 1760 510 329
48678 33870 5311 0 1760 510 333
48678 33875 5321 0 1760 520 323
48681 33882 5332 0 1760 520 331
48690 33889 5341 0 1760 520 329
48699 33898 5350 0 1770 520 330
48711 33908 5363 0 1770 520 332
48722 33918 5377 0 1770 520 332
48733 33929 5394 0 1770 520 327
48744 33939 5408 0 1770 520 334
48755 33948 5424 0 1770 520 331
48763 33956 5425 0 1770 520 347
48769 33964 5431 0 1770 520 339
48773 33971 5438 0 1770 520 338
48775 33977 5439 0 1770 520 343
48775 33982 5444 0 1770 520 335
48775 33987 5451 0 1770 520 335
48777 33991 5457 0 1770 530 344
48768 33994 5458 0 1770 530 343
48758 33996 5465 0 1770 530 358
48754 33997 5472 0 1770 530 350
48745 33999 5475 0 1770 530 349
48740 34000 5481 0 1770 530 355
48738 34001 5491 0 1770 530 355
48735 34000 5494 0 1770 530 365
48733 34000 5501 0 1770 530 371
48733 34000 5510 0 1770 530 365
48732 34000 5512 0 1770 530 374
48731 33999 5522 0 1760 530 367
48730 33998 5525 0 1760 530 368
48729 33997 5535 0 1760 530 380
48727 33996 5537 0 1760 530 383
48726 33995 5547 0 1760 530 377
48782 33971 5547 1 1760 530 381
48725 33995 5556 0 1760 530 383
48780 33971 5561 1 1760 530 383
48779 33970 5566 1 1760 530 379
48778 33970 5571 1 1750 530 374
48777 33969 5573 1 1750 530 384
48777 33968 5581 1 1750 530 380
48774 33967 5582 1 1750 530 382
48770 33965 5587 1 1750 530 386
48763 33962 5592 1 1750 530 381
48755 33959 5594 1 1750 530 393
48745 33954 5600 1 1750 530 393
48734 33950 5603 1 1750 530 386
48721 33945 5606 1 1750 530 394
48704 33939 5612 1 1750 530 386
48687 33934 5613 1 1750 530 389
48669 33928 5619 1 1750 540 395
48650 33923 5624 1 1750 540 391
48631 33918 5624 1 1750 540 396
48610 33911 5631 1 1750 540 396
48591 33904 5634 1 1750 540 397
48572 33896 5637 1 1750 540 405
48557 33888 5643 1 1750 540 395
48542 33881 5645 1 1750 540 397
48526 33873 5655 1 1750 540 403
48510 33865 5656 1 1750 540 401
48494 33855 5667 1 1750 540 410
48477 33846 5677 1 1750 540 403
48461 33837 5688 1 1730 540 403
48447 33829 5698 1 1730 540 410
48433 33820 5709 1 1730 540 399
48418 33810 5719 1 1730 550 401
48402 33801 5731 1 1730 550 401
48387 33792 5742 1 1740 550 397
48374 33784 5754 1 1740 550 409
48362 33777 5764 1 1740 550 401
48350 33768 5776 1 1740 550 394
48339 33761 5786 1 1740 550 407
48327 33753 5798 1 1730 550 400
48314 33744 5809 1 1730 550 405
48301 33736 5815 1 1730 550 397
48287 33725 5820 1 1730 550 395
48274 33716 5821 1 1730 550 405
48262 33706 5833 1 1730 550 401
48251 33697 5843 1 1730 550 396
48238 33686 5855 1 1710 550 403
48225 33674 5859 1 1710 550 397
48211 33662 5866 1 1710 550 399
48195 33650 5870 1 1710 550 398
48182 33638 5878 1 1700 550 395
48166 33624 5889 1 1700 550 402
48151 33610 5902 1 1700 550 395
48134 33594 5912 1 1700 550 388
48115 33579 5914 1 1690 540 396
48098 33562 5927 1 1690 540 388
48078 33544 5940 1 1690 540 390
48054 33524 5942 1 1690 540 385
48022 33501 5947 1 1690 540 380
47989 33477 5952 1 1690 540 385
47953 33453 5954 1 1690 540 385
47915 33425 5960 1 1690 540 383
47882 33400 5964 1 1690 540 386
47854 33375 5966 1 1690 540 380
47826 33350 5966 1 1690 540 389
47798 33325 5967 1 1690 540 387
47771 33294 5969 1 1690 540 379
47745 33262 5970 1 1690 540 382
47721 33232 5971 1 1690 540 380
47700 33203 5971 1 1690 540 378
47678 33176 5974 1 1690 540 382
47656 33150 5976 1 1690 540 362
47634 33120 5984 1 1690 530 354
47613 33090 5993 1 1700 540 344
47592 33058 6001 1 1700 540 340
47572 33029 6009 1 1700 540 346
47553 33001 6016 1 1700 540 331
47535 32976 6025 1 1700 540 324
47521 32950 6032 1 1710 530 325
47507 32924 6041 1 1710 530 314
47493 32900 6049 1 1710 530 316
47475 32873 6058 1 1710 530 292
47456 32843 6067 1 1710 530 248
47436 32815 6074 1 1710 530 197
47417 32784 6081 1 1690 530 107
47398 32757 6082 1 1690 530 0
47378 32728 6083 1 1690 530 0
47362 32698 6085 1 1700 540 0
47349 32668 6087 1 1700 540 0
47339 32648 6089 1 1700 540 0
47329 32628 6090 1 1720 540 0
47316 32607 6091 1 1720 540 0
47300 32584 6094 1 1720 540 0
47283 32570 6097 1 1720 540 0
47269 32558 6099 1 1800 300 0
47260 32548 6103 1 1800 300 0
47252 32538 6105 1 1800 300 0
47241 32528 6107 1 1800 300 0
47230 32515 6116 1 1800 300 0
47216 32503 6116 1 1800 300 0
47204 32490 6124 1 1790 300 0
47192 32477 6129 1 1790 300 0
47182 32465 6133 1 1780 300 0
47172 32452 6140 1 1780 300 0
47163 32441 6141 1 1770 300 0
47155 32428 6150 1 1770 300 0
47146 32413 6156 1 1770 310 0
47136 32395 6159 1 1770 330 0
47127 32377 6167 1 1770 360 0
47118 32358 6177 1 1770 380 0
47108 32339 6179 1 1760 400 0
47095 32322 6194 1 1750 420 0
47081 32306 6200 1 1740 440 0
47069 32292 6210 1 1740 460 0
47057 32278 6220 1 1720 480 0
47045 32264 6225 1 1720 480 0
47034 32249 6240 1 1720 480 0
47023 32234 6240 1 1730 480 0
47010 32221 6248 1 1740 470 0
46997 32206 6254 1 1740 470 0
46983 32191 6259 1 1750 470 0
46969 32175 6263 1 1750 460 0
46956 32158 6270 1 1740 460 0
46943 32141 6271 1 1740 460 0
46932 32126 6280 1 1740 460 0
46922 32111 6280 1 1740 460 0
46913 32097 6287 1 1740 450 0
46904 32084 6289 1 1750 460 0
46897 32073 6290 1 1750 460 0
46890 32063 6290 1 1760 460 0
46882 32052 6291 1 1770 470 0
46874 32040 6291 1 1770 470 0
46867 32027 6291 1 1780 470 0
46860 32016 6292 1 1780 480 0
46854 32004 6293 1 1790 480 0
46850 31994 6297 1 1790 490 0
46847 31985 6300 1 1800 490 0
46842 31975 6303 1 1800 500 0
46838 31964 6304 1 1800 500 0
46834 31954 6307 1 1790 510 0
46829 31944 6310 1 1790 510 0
46823 31931 6311 1 1790 510 0
46817 31919 6313 1 1790 510 0
46811 31906 6315 1 1790 520 0
46806 31892 6316 1 1790 520 0
46801 31879 6318 1 1790 520 0
46796 31864 6322 1 1770 520 0
46790 31849 6322 1 1770 520 0
46784 31835 6325 1 1770 520 0
46778 31820 6328 1 1770 520 0
46771 31806 6330 1 1770 520 0
46767 31793 6334 1 1770 520 0
46762 31785 6335 1 1770 520 0
46759 31779 6336 1 1770 520 0
46755 31771 6340 1 1770 520 0
46750 31763 6341 1 1770 520 0
46746 31754 6346 1 1770 520 0
46742 31743 6347 1 1770 520 0
46738 31732 6351 1 1770 520 0
46735 31721 6353 1 1770 520 0
46733 31709 6355 1 1770 520 0
46731 31699 6358 1 1760 520 0
46731 31690 6359 1 1760 520 0
46731 31684 6360 1 1760 520 0
46731 31679 6363 1 1760 520 0
46731 31675 6364 1 1760 520 0
46710 31660 6365 0 1760 520 0
46717 31649 6368 0 1750 520 0
46718 31649 6370 0 1750 520 0
46717 31675 6370 0 1750 530 0
46712 31733 6372 0 1750 530 0
46694 31816 6374 0 1750 530 12
46679 31893 6375 0 1750 530 35
46679 31893 6376 0 1750 530 46
46679 31891 6377 0 1750 530 57
46741 31689 6379 0 1750 530 73
46839 31553 6380 0 1750 530 83
46928 31391 6424 0 1750 530 100
47019 31248 6427 0 1750 530 115
47131 31122 6438 0 1750 530 125
47270 30964 6452 0 1750 530 132
47396 30823 6461 0 1750 530 133
47525 30695 6473 0 1750 530 135
47659 30550 6488 0 1750 530 146
47767 30395 6489 0 1750 530 142
47875 30228 6499 0 1750 530 145
47989 30067 6500 0 1750 530 151
48106 29920 6505 0 1750 530 157
48222 29761 6510 0 1750 530 166
48222 29761 6517 0 1750 530 166
48222 29761 6518 0 1750 530 164
48187 29782 6521 0 1750 530 169
48105 29848 6522 0 1750 530 165
47957 29962 6525 0 1750 530 175
47736 30160 6528 0 1750 530 172
47568 30306 6529 0 1750 530 177
47398 30428 6532 0 1750 530 180
47264 30522 6533 0 1750 530 178
47143 30582 6536 0 1760 530 178
47074 30666 6540 0 1760 530 182
47077 30718 6545 0 1760 530 178
47076 30758 6550 0 1760 530 182
47049 30784 6551 0 1760 530 182
47048 30813 6551 0 1760 530 179
47067 30847 6553 0 1760 530 188
47094 30882 6556 0 1760 530 196
47121 30915 6559 0 1760 530 202
47147 30951 6560 0 1760 530 205
47166 30988 6561 0 1760 530 209
47164 31032 6561 0 1760 530 214
47162 31075 6565 0 1760 530 211
47160 31118 6567 0 1760 530 208
47158 31161 6571 0 1760 530 214
47151 31204 6572 0 1770 530 212
47107 31244 6573 0 1770 530 212
47051 31274 6578 0 1770 530 219
47013 31305 6583 0 1770 530 216
46980 31338 6585 0 1770 530 221
46951 31371 6588 0 1770 530 218
46928 31401 6590 0 1770 540 215
46907 31430 6592 0 1770 540 223
46890 31458 6610 0 1770 540 220
46876 31479 6622 0 1770 540 221
46856 31487 6623 0 1770 530 223
46841 31490 6626 0 1770 530 215
46836 31504 6632 0 1770 530 223
46821 31505 6634 0 1770 530 221
46818 31510 6635 0 1770 530 216
46808 31515 6643 0 1770 530 221
46804 31519 6647 0 1770 530 221
46802 31526 6648 0 1770 530 216
46800 31532 6659 0 1770 530 217
46800 31538 6662 0 1770 530 217
46800 31541 6662 0 1770 530 221
46800 31541 6666 0 1790 530 217
46810 31542 6666 0 1790 530 215
46822 31543 6666 0 1790 530 217
46835 31539 6669 0 1790 530 213
46847 31527 6670 0 1790 530 213
46858 31515 6674 0 1790 530 216
46866 31506 6680 0 1790 530 211
46868 31501 6681 0 1790 530 218
46868 31501 6685 0 1790 530 216
46868 31501 6688 0 1790 530 211
46868 31502 6691 0 1790 530 218
46857 31518 6695 0 1790 530 214
46840 31533 6707 0 1790 530 217
46822 31546 6709 0 1790 530 213
46802 31557 6733 0 1790 530 213
46784 31567 6740 0 1790 540 222
46767 31575 6749 0 1790 540 217
46755 31577 6766 0 1790 540 208
46746 31579 6777 0 1790 540 216
46741 31580 6785 0 1790 540 212
46739 31582 6799 0 1790 540 215
46738 31585 6803 0 1790 540 219
46737 31587 6805 0 1790 540 212
46736 31588 6809 0 1790 540 217
46735 31587 6813 0 1790 540 215
46734 31587 6815 0 1790 540 214
46734 31587 6821 0 1790 540 219
46733 31586 6828 0 1790 540 216
46733 31586 6828 0 1790 540 221
46733 31586 6832 0 1790 540 215
46733 31577 6835 0 1790 540 211
46733 31568 6835 0 1790 540 214
46759 31592 6837 1 1790 540 209
46759 31582 6922 1 1790 540 204
46734 31553 6927 0 1800 540 212
46759 31577 6934 1 1800 540 212
46761 31575 6948 1 1800 540 216
46762 31571 6961 1 1800 540 218
46764 31567 6973 1 1800 540 220
46766 31561 6989 1 1800 540 227
46771 31553 7009 1 1800 540 223
46775 31545 7032 1 1800 540 216
46780 31537 7054 1 1800 540 219
46785 31530 7072 1 1800 540 214
46790 31522 7092 1 1800 540 217
46795 31515 7112 1 1800 540 218
46800 31509 7132 1 1800 540 211
46807 31501 7155 1 1800 540 219
46815 31494 7181 1 1800 540 217
46825 31485 7206 1 1800 540 220
46838 31473 7229 1 1800 540 225
46852 31461 7252 1 1800 540 221
46867 31447 7276 1 1800 540 228
46881 31433 7297 1 1800 540 232
46896 31420 7319 1 1800 540 237
46910 31406 7338 1 1800 540 240
46925 31391 7359 1 1800 540 235
46942 31378 7383 1 1800 540 229
46961 31363 7411 1 1800 540 234
46982 31348 7439 1 1800 540 227
47005 31331 7470 1 1800 540 229
47033 31312 7502 1 1800 540 224
47065 31293 7537 1 1800 540 215
47099 31271 7572 1 1800 540 214
47135 31251 7604 1 1800 540 199
47157 31231 7624 1 1810 540 188
47175 31213 7644 1 1810 530 173
47193 31194 7666 1 1810 530 144
47213 31174 7682 1 1810 530 110
47231 31154 7685 1 1810 530 54
47247 31137 7690 1 1800 530 0
47261 31123 7694 1 1800 530 0
47273 31109 7701 1 1800 520 0
47289 31093 7705 1 1800 520 0
47307 31075 7710 1 1800 520 0
47327 31055 7714 1 1800 510 0
47350 31031 7718 1 1800 510 0
47373 31007 7723 1 1800 510 0
47397 30982 7725 1 1800 520 0
47423 30955 7729 1 1800 520 0
47450 30929 7732 1 1800 520 0
47479 30902 7736 1 1800 520 0
47507 30876 7745 1 1800 520 0
47540 30854 7752 1 1800 510 0
47575 30833 7755 1 1800 510 0
47610 30812 7759 1 1790 500 0
47647 30792 7762 1 1790 490 0
47683 30771 7767 1 1790 480 0
47716 30751 7770 1 1790 480 0
47751 30733 7774 1 1790 470 0
47788 30716 7779 1 1780 460 0
47825 30698 7785 1 1780 460 0
47865 30678 7789 1 1780 460 0
47908 30663 7795 1 1780 450 0
47947 30650 7808 1 1790 450 0
47990 30639 7824 1 1790 450 0
48035 30626 7840 1 1790 450 0
48080 30614 7857 1 1790 460 0
48124 30602 7872 1 1800 460 0
48166 30590 7887 1 1800 470 0
48198 30575 7896 1 1800 480 0
48223 30560 7902 1 1800 490 0
48245 30546 7908 1 1800 500 0
48267 30533 7914 1 1800 510 0
48291 30519 7919 1 1800 520 0
48313 30505 7925 1 1800 530 0
48335 30485 7928 1 1800 540 0
48356 30465 7932 1 1800 540 0
48377 30444 7936 1 1810 540 0
48399 30423 7939 1 1810 540 0
48420 30404 7944 1 1810 540 0
48443 30385 7948 1 1810 540 0
48467 30365 7952 1 1810 540 0
48492 30346 7956 1 1830 540 0
48515 30325 7961 1 1830 540 0
48539 30305 7964 1 1830 540 0
48562 30285 7969 1 1830 530 0
48584 30264 7974 1 1830 530 0
48606 30245 7979 1 1830 530 0
48626 30227 7983 1 1830 530 0
48646 30211 7988 1 1830 530 0
48666 30193 7993 1 1830 530 0
48687 30176 7998 1 1830 530 0
48712 30157 8001 1 1830 530 0
48736 30137 8006 1 1830 530 0
48761 30117 8010 1 1830 530 0
48787 30098 8015 1 1830 530 0
48815 30078 8018 1 1830 530 0
48844 30059 8022 1 1830 530 0
48875 30039 8025 1 1830 530 0
48906 30018 8030 1 1830 530 0
48934 30000 8033 1 1830 530 0
48958 29983 8038 1 1830 530 0
48981 29969 8042 1 1830 530 0
48997 29956 8047 1 1830 530 0
49012 29945 8052 1 1830 530 7
49025 29936 8058 1 1830 530 25
49036 29927 8064 1 1830 540 44
49048 29920 8069 1 1830 540 60
49060 29912 8076 1 1830 540 79
49073 29902 8081 1 1830 540 103
49090 29893 8086 1 1830 540 120
49108 29881 8091 1 1830 540 139
49128 29869 8096 1 1830 540 159
49150 29856 8100 1 1830 540 163
49171 29841 8105 1 1830 540 172
49195 29826 8109 1 1830 540 177
49218 29811 8114 1 1830 540 182
49240 29795 8116 1 1830 540 193
49266 29781 8118 1 1830 530 204
49288 29768 8124 1 1830 530 199
49307 29756 8125 1 1830 530 204
49327 29748 8131 1 1830 530 203
49341 29741 8132 1 1830 530 211
49353 29735 8138 1 1830 530 212
49364 29732 8140 1 1830 530 206
49373 29728 8145 1 1810 530 213
49384 29722 8146 1 1810 530 211
49397 29716 8151 1 1810 530 209
49411 29707 8154 1 1810 520 216
49422 29699 8158 1 1810 520 211
49434 29691 8161 1 1810 520 212
49441 29685 8165 1 1810 520 210
49445 29681 8168 1 1810 520 203
49447 29678 8174 1 1810 520 205
49447 29678 8175 1 1810 520 198
49356 29725 8182 0 1810 520 192
49356 29725 8183 0 1810 520 198
49356 29728 8189 0 1810 520 193
49357 29751 8190 0 1810 520 197
49357 29784 8197 0 1810 520 195
49358 29815 8199 0 1810 520 189
49361 29839 8204 0 1810 520 191
49379 29844 8210 0 1810 520 183
49404 29845 8212 0 1810 520 166
49435 29851 8219 0 1810 520 151
49469 29852 8220 0 1810 520 122
49511 29852 8227 0 1810 520 95
49553 29827 8230 0 1810 520 70
49598 29811 8234 0 1810 520 38
49642 29800 8239 0 1810 520 10
49681 29801 8241 0 1810 520 0
49716 29801 8249 0 1810 520 0
49748 29802 8260 0 1810 520 0
49774 29803 8271 0 1810 520 0
49797 29811 8280 0 1810 520 0
49815 29834 8288 0 1810 520 0
49819 29852 8294 0 1810 520 0
49821 29868 8301 0 1810 520 31
49827 29885 8307 0 1810 520 41
49828 29900 8314 0 1810 520 48
49828 29912 8320 0 1810 520 56
49828 29915 8328 0 1810 520 62
49828 29925 8334 0 1810 520 83
49828 29925 8342 0 1810 520 99
49828 29925 8349 0 1810 520 89
49828 29925 8357 0 1810 520 94
49828 29925 8364 0 1810 520 105
49828 29916 8374 0 1810 520 114
49828 29905 8382 0 1810 520 117
49831 29895 8391 0 1810 520 114
49836 29887 8401 0 1810 520 118
49841 29879 8409 0 1810 520 112
49846 29873 8419 0 1810 520 100
49852 29868 8427 0 1810 520 89
49854 29865 8436 0 1810 520 69
49857 29863 8444 0 1810 520 29
49861 29862 8452 0 1810 520 0
49865 29860 8460 0 1810 520 0
49873 29858 8470 0 1810 520 0
49879 29855 8478 0 1810 520 0
49886 29851 8487 0 1810 520 0
49893 29847 8494 0 1810 520 0
49899 29843 8501 0 1810 520 0
49903 29841 8508 0 1810 520 0
49907 29840 8515 0 1810 520 0
49910 29840 8522 0 1810 520 0
49913 29840 8529 0 1810 520 0
49916 29839 8536 0 1810 520 0
49920 29839 8543 0 1810 520 0
49923 29839 8550 0 1800 520 0
49923 29839 8558 0 1800 520 0
49923 29839 8565 0 1800 520 0
49923 29839 8573 0 1800 510 0
49923 29839 8581 0 1800 510 0
49923 29839 8589 0 1800 510 0
49923 29839 8596 0 1800 510 0
49923 29844 8604 0 1800 510 0
49923 29846 8611 0 1800 510 0
49923 29846 8620 0 1800 520 0
49922 29846 8627 0 1800 520 0
50022 29772 8648 1 1800 520 0
49914 29847 8692 0 1800 520 0
50006 29772 8699 1 1800 520 0
49992 29773 8706 1 1800 520 0
49977 29773 8712 1 1790 530 0
49961 29773 8720 1 1790 530 0
49944 29768 8727 1 1790 530 0
49927 29760 8736 1 1790 540 0
49908 29751 8743 1 1790 540 0
49887 29741 8752 1 1790 540 0
49860 29729 8761 1 1800 540 0
49831 29717 8769 1 1800 540 0
49800 29706 8778 1 1800 540 0
49766 29695 8786 1 1800 540 0
49734 29685 8796 1 1800 540 0
49707 29674 8804 1 1800 530 0
49681 29666 8813 1 1800 530 0
49658 29659 8821 1 1800 520 0
49637 29652 8831 1 1800 520 0
49618 29647 8839 1 1800 520 0
49605 29640 8848 1 1810 300 0
49597 29636 8856 1 1800 300 0
49589 29631 8864 1 1800 300 0
49584 29627 8872 1 1800 300 0
49579 29624 8880 1 1800 300 0
49574 29622 8887 1 1800 300 0
49571 29619 8895 1 1800 310 0
49569 29617 8902 1 1800 330 0
49568 29614 8910 1 1800 350 0
49568 29613 8917 1 1800 380 0
49567 29613 8925 1 1810 400 0
49567 29613 8932 1 1810 430 0
49567 29613 8940 1 1810 450 0
49567 29613 8946 1 1820 480 0
49567 29613 8954 1 1820 490 0
49567 29613 8961 1 1820 510 0
49567 29613 8968 1 1840 530 0
49567 29614 8975 1 1840 540 0
49567 29614 8983 1 1840 540 0
49567 29614 8990 1 1850 540 0
49567 29614 8996 1 1850 540 0
49567 29614 8997 1 1850 540 0
49567 29614 9004 1 1870 530 0
49567 29615 9005 1 1870 530 0
49571 29615 9012 1 1860 520 0
49582 29614 9012 1 1860 520 0
49601 29616 9020 1 1850 510 0
49512 29666 9020 0 1850 500 0
49562 29688 9026 0 1850 500 0
49587 29705 9028 0 1850 500 0
49609 29721 9034 0 1840 500 0
49623 29735 9035 0 1840 510 0
49632 29747 9039 0 1840 520 0
49722 29690 9075 1 1840 520 0
49727 29706 9079 1 1840 530 0
49727 29710 9086 1 1830 530 0
49727 29710 9093 1 1830 540 0
49727 29710 9101 1 1830 540 0
49722 29710 9107 1 1830 550 0
49709 29699 9117 1 1830 550 0
49696 29683 9126 1 1830 550 0
49685 29667 9136 1 1830 560 0
49673 29652 9146 1 1810 560 0
49662 29641 9155 1 1810 560 0
49654 29631 9165 1 1810 560 0
49644 29621 9173 1 1810 560 0
49636 29617 9182 1 1810 560 0
49630 29615 9189 1 1810 560 0
49623 29613 9197 1 1810 560 0
49619 29613 9200 1 1810 550 0
49613 29614 9204 1 1810 550 0
49603 29614 9208 1 1810 550 0
49592 29615 9212 1 1810 550 0
49504 29663 9216 0 1810 550 0
49481 29663 9220 0 1810 550 0
49467 29663 9224 0 1810 550 0
49453 29663 9228 0 1810 550 0
49444 29665 9231 0 1810 550 0
49435 29665 9239 0 1810 550 0
49433 29665 9247 0 1830 550 0
49433 29665 9255 0 1830 550 0
49429 29665 9263 0 1830 550 0
49421 29665 9271 0 1830 550 0
49409 29665 9278 0 1830 550 0
49390 29665 9286 0 1830 550 0
49364 29671 9293 0 1830 550 0
49330 29686 9300 0 1810 550 0
49289 29704 9306 0 1810 550 0
49241 29726 9313 0 1810 550 0
49191 29755 9318 0 1810 550 0
49139 29783 9324 0 1810 550 0
49088 29813 9329 0 1810 550 0
49043 29841 9336 0 1810 550 0
49004 29862 9343 0 1810 550 0
48973 29880 9354 0 1810 550 0
48951 29892 9365 0 1810 550 0
48936 29903 9374 0 1810 550 0
48926 29912 9383 0 1810 550 0
48921 29918 9391 0 1810 550 0
48918 29920 9400 0 1810 550 0
48917 29920 9408 0 1810 550 0
48917 29920 9416 0 1810 550 0
48917 29910 9424 0 1810 550 0
48923 29885 9432 0 1810 550 0
48947 29852 9437 0 1810 550 0
48983 29811 9442 0 1810 550 0
49034 29758 9453 0 1810 550 0
49100 29699 9465 0 1810 550 0
49177 29639 9476 0 1810 550 0
49266 29576 9492 0 1810 550 0
49363 29518 9508 0 1810 550 0
49467 29465 9525 0 1810 550 0
49577 29418 9526 0 1810 550 0
49693 29373 9534 0 1810 550 0
49822 29311 9539 0 1810 550 0
49822 29311 9551 0 1810 550 0
49822 29312 9583 0 1810 550 0
49828 29336 9591 0 1810 550 0
49835 29361 9599 0 1810 550 0
49842 29386 9608 0 1810 550 0
49849 29411 9616 0 1810 550 0
49856 29436 9623 0 1810 550 0
49862 29460 9630 0 1810 550 0
49868 29485 9637 0 1810 550 0
49874 29509 9644 0 1810 550 0
49880 29534 9651 0 1810 550 0
49887 29559 9658 0 1810 550 0
49893 29584 9665 0 1810 550 0
49899 29608 9672 0 1810 550 0
49905 29633 9680 0 1810 550 0
49910 29658 9687 0 1810 550 0
49917 29682 9687 0 1810 550 0
49923 29707 9694 0 1810 550 0
49929 29732 9700 0 1810 550 0
49936 29758 9701 0 1810 550 0
49942 29782 9704 0 1810 550 0
49948 29807 9708 0 1810 550 0
49955 29833 9712 0 1810 550 0
49961 29858 9714 0 1810 550 0
49967 29882 9720 0 1810 550 0
49973 29907 9720 0 1810 550 0
49980 29933 9728 0 1810 550 0
49986 29958 9729 0 1810 550 0
49986 29969 9732 0 1810 550 0
49986 29981 9735 0 1810 550 0
49979 30024 9738 0 1810 550 0
49952 30091 9743 0 1810 550 0
49918 30188 9749 0 1810 550 0
49919 30288 9756 0 1810 550 0
49911 30291 9762 0 1810 550 0
49911 30284 9762 0 1810 550 0
49976 30232 9762 0 1810 550 0
50037 30160 9770 0 1810 550 0
50108 30073 9771 0 1810 550 0
50185 29973 9772 0 1810 550 0
50265 29869 9778 0 1810 550 0
50347 29768 9783 0 1810 550 0
50413 29675 9797 0 1810 550 0
50464 29588 9803 0 1810 550 0
50496 29510 9806 0 1810 550 0
50497 29444 9810 0 1810 550 0
50501 29399 9812 0 1810 550 0
50495 29393 9817 0 1810 550 0
50454 29394 9818 0 1810 550 0
50399 29394 9826 0 1810 550 0
50340 29419 9830 0 1810 550 0
50277 29471 9839 0 1810 550 0
50213 29527 9855 0 1810 550 0
50147 29587 9895 0 1810 550 0
50074 29653 9930 0 1810 550 0
49999 29724 9965 0 1810 550 0
49928 29799 9999 0 1810 550 0
49868 29873 10024 0 1810 550 0
49817 29939 10029 0 1810 550 0
49776 29999 10034 0 1830 550 0
49742 30054 10040 0 1830 550 0
49716 30105 10045 0 1830 550 0
49696 30152 10051 0 1830 550 0
49680 30198 10056 0 1830 550 0
49669 30239 10063 0 1830 540 0
49660 30273 10069 0 1830 540 0
49657 30298 10076 0 1830 540 0
49649 30315 10084 0 1830 540 8
49640 30318 10092 0 1830 540 13
49635 30324 10100 0 1830 540 15
49620 30328 10107 0 1830 540 25
49608 30328 10116 0 1830 540 33
49593 30330 10123 0 1830 540 50
49578 30332 10132 0 1830 540 69
49564 30339 10139 0 1830 540 87
49551 30348 10147 0 1830 540 111
49536 30358 10154 0 1830 540 126
49521 30370 10163 0 1830 540 133
49503 30384 10169 0 1830 540 143
49485 30396 10177 0 1830 540 142
49468 30407 10184 0 1830 540 148
49453 30410 10193 0 1830 540 152
49442 30417 10200 0 1830 540 153
49440 30422 10209 0 1830 540 159
49434 30424 10216 0 1830 540 157
49431 30424 10225 0 1830 540 156
49430 30424 10232 0 1830 540 164
49430 30424 10241 0 1830 540 159
49430 30424 10249 0 1830 540 162
49430 30424 10258 0 1830 540 162
49431 30419 10266 0 1830 550 163
49442 30409 10276 0 1830 550 172
49459 30395 10285 0 1830 550 173
49481 30378 10295 0 1830 550 170
49508 30360 10304 0 1830 550 178
49541 30338 10314 0 1830 550 178
49578 30315 10322 0 1830 550 179
49616 30289 10332 0 1830 550 184
49657 30264 10342 0 1830 550 188
49697 30238 10351 0 1830 550 196
49734 30214 10361 0 1830 550 193
49769 30192 10370 0 1830 550 191
49796 30171 10380 0 1830 550 198
49819 30156 10388 0 1830 550 195
49832 30145 10397 0 1830 550 198
49835 30142 10404 0 1830 550 204
49835 30142 10413 0 1830 550 197
49834 30142 10420 0 1830 550 205
49822 30149 10428 0 1830 550 212
49800 30167 10434 0 1830 550 221
49772 30186 10441 0 1830 560 222
49739 30208 10447 0 1830 560 218
49703 30232 10453 0 1830 560 231
49664 30258 10459 0 1830 560 228
49624 30283 10465 0 1840 560 222
49586 30307 10471 0 1840 560 229
49553 30328 10478 0 1840 560 232
49523 30345 10484 0 1840 560 232
49499 30359 10492 0 1840 560 235
49480 30365 10499 0 1840 560 226
49466 30381 10506 0 1840 560 231
49463 30384 10513 0 1840 560 222
49455 30389 10521 0 1840 560 221
49451 30393 10528 0 1840 560 226
49450 30395 10537 0 1840 560 222
49450 30396 10544 0 1840 560 221
49450 30397 10552 0 1840 550 222
49450 30398 10559 0 1840 550 221
49450 30399 10568 0 1840 550 230
49450 30399 10576 0 1840 550 229
49450 30399 10583 0 1840 550 224
49451 30399 10592 0 1840 540 227
49462 30399 10599 0 1840 540 223
49467 30396 10608 0 1840 540 223
49481 30389 10615 0 1840 540 227
49489 30383 10624 0 1840 540 221
49493 30377 10632 0 1840 540 226
49505 30371 10640 0 1840 530 222
49508 30365 10648 0 1840 530 216
49512 30361 10656 0 1840 530 224
49517 30357 10664 0 1840 530 225
49519 30355 10672 0 1840 530 226
49519 30354 10680 0 1840 530 226
49519 30354 10688 0 1850 530 224
49519 30354 10695 0 1850 530 234
49519 30354 10704 0 1850 530 225
49519 30354 10711 0 1850 530 222
49519 30354 10719 0 1850 530 230
49512 30357 10726 0 1850 530 228
49502 30366 10734 0 1850 530 230
49491 30381 10741 0 1850 530 234
49482 30392 10749 0 1850 530 232
49478 30396 10756 0 1850 540 241
49470 30404 10764 0 1850 540 236
49463 30411 10771 0 1850 540 231
49459 30416 10779 0 1870 540 238
49457 30419 10786 0 1870 540 232
49456 30421 10794 0 1870 540 234
49456 30421 10802 0 1870 540 227
49456 30421 10810 0 1870 540 223
49456 30421 10818 0 1880 540 229
49456 30421 10826 0 1880 540 223
49456 30421 10834 0 1880 540 223
49456 30421 10841 0 1880 540 231
49456 30421 10850 0 1880 540 228
49456 30422 10857 0 1900 540 229
49456 30422 10865 0 1900 540 222
49455 30422 10873 0 1900 540 216
49455 30422 10881 0 1900 540 223
49454 30422 10888 0 1900 540 217
49447 30425 10897 0 1910 530 212
49437 30431 10903 0 1910 530 219
49433 30437 10911 0 1910 530 216
49425 30444 10918 0 1910 540 215
49417 30450 10925 0 1910 540 215
49411 30456 10932 0 1910 540 214
49403 30463 10940 0 1910 540 219
49397 30472 10946 0 1910 540 218
49391 30475 10954 0 1910 540 216
49385 30481 10961 0 1910 540 225
49380 30488 10966 0 1910 540 228
49373 30493 10969 0 1910 540 232
49366 30498 10974 0 1910 540 236
49353 30505 10976 0 1910 530 235
49340 30518 10982 0 1910 530 239
49328 30526 10984 0 1910 530 231
49315 30530 10990 0 1910 530 219
49305 30538 10991 0 1910 530 211
49303 30543 10998 0 1910 530 185
49298 30547 10998 0 1910 530 165
49288 30590 11004 1 1910 530 139
49285 30592 11005 1 1910 530 93
49295 30548 11012 0 1910 530 49
49285 30592 11013 1 1920 530 0
49285 30593 11019 1 1920 530 0
49285 30593 11020 1 1920 530 0
49284 30593 11027 1 1920 530 0
49284 30594 11029 1 1920 530 0
49284 30594 11034 1 1920 530 0
49287 30594 11036 1 1920 530 0
49291 30594 11044 1 1920 530 0
49296 30594 11052 1 1920 520 0
49302 30594 11053 1 1920 520 0
49308 30594 11058 1 1920 520 0
49317 30589 11067 1 1920 520 0
49329 30582 11074 1 1720 370 0
49343 30575 11082 1 1730 370 0
49359 30567 11088 1 1730 380 0
49374 30559 11095 1 1730 380 0
49388 30551 11104 1 1730 380 0
49400 30543 11115 1 1740 390 0
49410 30536 11124 1 1740 390 0
49420 30529 11134 1 1730 400 0
49431 30522 11144 1 1740 400 0
49442 30512 11155 1 1740 410 0
49458 30501 11165 1 1740 420 0
49477 30488 11177 1 1750 420 0
49501 30470 11189 1 1740 430 0
49526 30453 11202 1 1750 430 0
49549 30436 11214 1 1750 440 0
49573 30418 11227 1 1760 440 0
49594 30402 11239 1 1760 450 0
49618 30384 11252 1 1760 450 0
49647 30365 11265 1 1760 450 0
49678 30346 11278 1 1770 460 0
49711 30327 11291 1 1770 460 0
49742 30309 11305 1 1770 460 0
49771 30293 11317 1 1780 460 0
49801 30277 11330 1 1780 460 0
49826 30262 11342 1 1780 460 0
49849 30249 11355 1 1790 460 0
49868 30236 11366 1 1790 470 0
49885 30223 11378 1 1800 470 0
49905 30208 11390 1 1800 470 0
49927 30190 11403 1 1800 480 0
49954 30170 11419 1 1800 490 0
49983 30147 11434 1 1800 500 0
50014 30121 11451 1 1800 510 0
50048 30094 11468 1 1800 520 0
50081 30066 11486 1 1810 530 0
50120 30034 11504 1 1810 530 0
50159 30001 11523 1 1810 540 0
50197 29968 11540 1 1830 550 0
50237 29935 11557 1 1830 550 0
50274 29905 11573 1 1830 560 0
50309 29875 11589 1 1830 560 0
50343 29846 11604 1 1830 570 0
50377 29815 11617 1 1820 570 0
50408 29782 11625 1 1820 580 0
50443 29747 11635 1 1820 580 0
50479 29711 11643 1 1820 570 0
50514 29677 11652 1 1820 570 0
50549 29642 11661 1 1830 570 0
50583 29610 11670 1 1830 570 0
50618 29584 11685 1 1830 570 0
50652 29560 11702 1 1830 570 0
50684 29539 11718 1 1830 570 0
50715 29520 11734 1 1830 560 0
50747 29499 11750 1 1830 560 0
50780 29481 11767 1 1830 560 0
50812 29461 11783 1 1830 560 0
50842 29442 11800 1 1830 560 0
50873 29421 11808 1 1830 550 0
50905 29397 11819 1 1830 550 0
50941 29370 11829 1 1830 550 0
50979 29340 11833 1 1830 550 0
51015 29308 11837 1 1830 550 0
51052 29274 11839 1 1830 540 0
51087 29242 11841 1 1830 540 0
51119 29207 11843 1 1830 540 0
51151 29175 11844 1 1830 540 0
51178 29147 11849 1 1830 540 0
51208 29120 11852 1 1830 540 0
51235 29100 11852 1 1830 540 0
51261 29084 11857 1 1830 540 0
51291 29069 11861 1 1830 540 0
51318 29053 11863 1 1830 540 0
51345 29038 11866 1 1840 540 0
51369 29022 11868 1 1840 540 0
51392 29007 11872 1 1840 540 0
51415 28992 11874 1 1840 540 0
51436 28978 11874 1 1840 540 0
51455 28964 11875 1 1840 540 0
51473 28952 11876 1 1840 540 0
51489 28939 11877 1 1840 540 0
51504 28926 11877 1 1840 540 0
51520 28913 11877 1 1840 540 0
51537 28899 11878 1 1840 540 0
51554 28886 11878 1 1840 540 0
51568 28875 11878 1 1840 540 0
51579 28868 11879 1 1840 540 0
51590 28861 11881 1 1840 540 0
51602 28855 11882 1 1840 540 0
51615 28847 11882 1 1840 540 0
51632 28837 11886 1 1840 540 0
51650 28826 11889 1 1840 540 0
51668 28814 11890 1 1840 540 0
51683 28801 11890 1 1840 540 0
51698 28790 11890 1 1840 540 0
51715 28778 11891 1 1840 540 0
51732 28767 11892 1 1840 540 0
51750 28755 11895 1 1840 540 0
51767 28744 11898 1 1840 540 0
51780 28733 11901 1 1840 540 0
51792 28726 11905 1 1840 540 0
51800 28720 11905 1 1840 540 6
51806 28715 11905 1 1840 540 23
51813 28712 11912 1 1840 540 36
51817 28709 11914 1 1840 540 46
51822 28708 11918 1 1840 540 62
51827 28707 11921 1 1840 540 73
51832 28706 11929 1 1840 540 88
51839 28704 11934 1 1840 540 116
51847 28699 11937 1 1840 540 134
51857 28693 11942 1 1840 540 150
51866 28686 11949 1 1840 540 163
51876 28678 11949 1 1840 540 176
51889 28905 11962 0 1840 540 202
51905 28898 11962 0 1840 540 206
51910 28898 11963 0 1840 540 211
51916 28898 11965 0 1840 540 224
51924 28912 11969 0 1840 540 221
51942 28930 11971 0 1830 540 221
51965 28943 11973 0 1830 540 220
51994 28946 11975 0 1830 540 220
52028 28947 11975 0 1830 540 228
52061 28922 11977 0 1830 540 228
52061 28922 11987 0 1830 540 234
52061 28921 11990 0 1810 540 243
51980 28917 12046 0 1810 540 237
51890 28914 12101 0 1810 540 244
51801 28904 12116 0 1810 540 259
51725 28882 12122 0 1810 540 261
51643 28857 12129 0 1810 540 272
51557 28833 12129 0 1810 540 269
51464 28806 12134 0 1800 540 269
51347 28798 12136 0 1800 540 277
51211 28800 12136 0 1800 540 284
51082 28800 12137 0 1800 550 289
51000 28803 12141 0 1800 550 290
50914 28811 12153 0 1800 550 291
50826 28819 12154 0 1800 550 300
50738 28828 12155 0 1800 550 302
50646 28837 12164 0 1800 550 299
50553 28845 12165 0 1800 550 303
50461 28853 12174 0 1800 550 297
50366 28862 12174 0 1800 550 307
50268 28869 12177 0 1800 550 307
50169 28877 12184 0 1800 550 306
50071 28883 12190 0 1800 550 315
49975 28888 12194 0 1800 550 323
49878 28893 12194 0 1800 550 322
49780 28899 12214 0 1800 550 325
49682 28903 12234 0 1800 550 323
49585 28906 12248 0 1800 550 325
49487 28905 12250 0 1800 550 328
49486 28906 12255 0 1800 550 328
49485 28908 12256 0 1800 550 334
49484 28909 12263 0 1800 550 331
49484 28911 12272 0 1800 550 330
49483 28913 12279 0 1800 550 332
49483 28916 12288 0 1800 550 330
49483 28922 12295 0 1800 550 340
49482 28931 12303 0 1800 550 339
49482 28945 12310 0 1800 550 330
49481 28969 12317 0 1800 550 337
49480 28999 12324 0 1800 540 337
49480 29041 12331 0 1790 540 339
49480 29095 12343 0 1790 540 343
49482 29152 12358 0 1790 540 334
49484 29209 12373 0 1790 540 341
49485 29250 12385 0 1790 540 338
49486 29295 12399 0 1790 540 335
49451 29344 12418 0 1790 540 346
49374 29389 12447 0 1790 540 344
49312 29438 12469 0 1790 530 343
49246 29485 12493 0 1790 530 350
49182 29531 12516 0 1790 530 357
49123 29577 12539 0 1790 530 368
49068 29628 12554 0 1790 530 364
49017 29682 12564 0 1790 530 363
48974 29737 12573 0 1790 530 376
48937 29791 12582 0 1790 530 372
48908 29839 12590 0 1790 530 372
48886 29879 12600 0 1790 530 370
48882 29909 12607 0 1790 530 363
48874 29928 12616 0 1790 530 372
48874 29930 12624 0 1790 530 368
48880 29939 12633 0 1790 530 362
48908 29941 12640 0 1790 520 371
48942 29943 12648 0 1790 530 366
48981 29946 12654 0 1790 530 368
49019 29948 12662 0 1790 530 377
49060 29950 12669 0 1790 530 369
49099 29953 12677 0 1790 530 379
49137 29955 12685 0 1790 530 373
49170 29957 12692 0 1790 530 367
49198 29961 12700 0 1770 530 379
49218 29974 12707 0 1770 530 372
49233 29994 12716 0 1770 530 372
49244 30017 12723 0 1770 530 372
49250 30048 12732 0 1770 530 368
49255 30080 12739 0 1770 530 379
49257 30115 12747 0 1770 530 373
49256 30152 12754 0 1770 530 369
49256 30189 12763 0 1770 530 379
49256 30227 12769 0 1770 530 373
49256 30261 12776 0 1760 530 373
49249 30290 12783 0 1760 530 372
49241 30316 12791 0 1760 530 366
49233 30337 12798 0 1760 530 375
49230 30352 12806 0 1760 530 373
49225 30367 12814 0 1760 530 368
49222 30379 12822 0 1760 530 379
49222 30387 12830 0 1760 530 374
49222 30389 12838 0 1760 530 375
49222 30392 12845 0 1760 530 374
49229 30392 12854 0 1760 530 368
49240 30392 12863 0 1760 540 373
49250 30392 12873 0 1760 540 366
49260 30387 12881 0 1760 540 361
49272 30382 12890 0 1760 540 368
49280 30378 12898 0 1750 540 365
49289 30376 12907 0 1750 540 370
49293 30374 12915 0 1750 540 370
49295 30369 12923 0 1750 540 368
49297 30364 12931 0 1750 540 372
49297 30362 12938 0 1750 540 363
49298 30357 12946 0 1750 540 362
49298 30353 12954 0 1750 540 373
49298 30352 12963 0 1760 540 363
49297 30352 12971 0 1760 540 364
49297 30352 12980 0 1760 540 365
49297 30352 12988 0 1760 540 361
49297 30352 12997 0 1760 540 369
49297 30352 13005 0 1760 540 366
49297 30352 13014 0 1760 540 361
49297 30352 13021 0 1760 540 368
49297 30352 13030 0 1760 540 362
49297 30352 13038 0 1760 540 365
49297 30353 13047 0 1760 540 361
49297 30362 13054 0 1760 540 351
49297 30372 13063 0 1760 540 351
49297 30382 13070 0 1760 540 337
49297 30394 13079 0 1760 540 323
49297 30405 13086 0 1760 540 319
49297 30415 13094 0 1760 540 299
49297 30424 13101 0 1760 540 280
49294 30430 13110 0 1760 540 257
49286 30434 13118 0 1760 540 229
49279 30436 13127 0 1760 540 208
49273 30438 13135 0 1760 540 179
49268 30438 13144 0 1760 540 147
49265 30437 13152 0 1760 540 103
49262 30437 13161 0 1760 540 42
49261 30437 13169 0 1760 540 0
49257 30498 13187 1 1760 540 0
49258 30437 13427 0 1760 540 0
49251 30498 13437 1 1760 540 0
49249 30499 13448 1 1760 540 0
49246 30499 13457 1 1770 540 0
49242 30499 13468 1 1770 540 0
49239 30496 13476 1 1770 540 0
49236 30490 13484 1 1770 540 0
49231 30483 13491 1 1750 300 0
49228 30476 13499 1 1750 300 0
49223 30472 13507 1 1750 300 0
49218 30466 13515 1 1750 300 0
49206 30459 13524 1 1750 300 0
49193 30453 13533 1 1750 300 0
49177 30446 13542 1 1750 300 0
49159 30440 13552 1 1750 300 0
49140 30435 13563 1 1760 300 0
49118 30433 13574 1 1770 300 0
49095 30429 13586 1 1760 320 0
49072 30424 13588 1 1760 340 0
49055 30418 13588 1 1760 360 0
49039 30408 13588 1 1760 380 0
49022 30398 13590 1 1760 400 0
49007 30387 13591 1 1750 420 0
48992 30377 13591 1 1750 440 0
48976 30367 13591 1 1760 460 0
48958 30356 13591 1 1760 480 0
48941 30345 13592 1 1750 500 0
48925 30332 13592 1 1760 510 0
48910 30321 13593 1 1760 520 0
48900 30310 13593 1 1770 520 0
48890 30299 13595 1 1770 520 0
48877 30286 13601 1 1780 510 0
48866 30271 13607 1 1760 510 0
48854 30258 13614 1 1760 510 0
48846 30244 13621 1 1760 510 0
48837 30229 13629 1 1760 510 0
48825 30210 13635 1 1760 510 0
48811 30190 13636 1 1760 500 0
48792 30169 13637 1 1780 500 0
48771 30145 13637 1 1780 510 0
48748 30120 13640 1 1780 510 0
48723 30091 13640 1 1780 510 0
48700 30060 13641 1 1790 510 0
48677 30030 13641 1 1790 510 0
48657 30003 13642 1 1790 510 0
48637 29978 13642 1 1790 510 0
48617 29954 13642 1 1790 510 0
48596 29931 13642 1 1790 510 0
48573 29911 13642 1 1790 510 0
48550 29891 13642 1 1790 520 0
48523 29871 13643 1 1790 520 0
48493 29853 13644 1 1790 520 0
48465 29834 13644 1 1790 520 0
48438 29817 13644 1 1790 520 0
48413 29801 13648 1 1790 520 0
48387 29782 13652 1 1790 520 0
48360 29761 13657 1 1790 520 0
48336 29740 13661 1 1790 530 0
48316 29722 13667 1 1790 530 0
48297 29709 13672 1 1790 530 0
48277 29697 13677 1 1790 530 0
48258 29686 13681 1 1790 530 0
48238 29675 13686 1 1790 530 0
48220 29664 13690 1 1790 530 0
48205 29655 13696 1 1790 530 0
48189 29646 13701 1 1770 530 0
48172 29636 13707 1 1770 530 0
48154 29625 13711 1 1770 530 0
48134 29613 13711 1 1770 530 0
48116 29602 13712 1 1790 530 0
48100 29593 13714 1 1790 530 6
48086 29583 13716 1 1790 530 23
48072 29573 13716 1 1790 530 38
48059 29563 13717 1 1790 530 51
48040 29551 13717 1 1790 530 70
48024 29540 13719 1 1790 530 79
48009 29531 13720 1 1790 530 86
47991 29521 13721 1 1790 530 102
47975 29512 13723 1 1790 530 111
47957 29504 13726 1 1790 530 124
47936 29497 13726 1 1790 530 143
47915 29489 13728 1 1790 530 144
47894 29482 13731 1 1790 530 157
47873 29473 13731 1 1790 530 163
47856 29463 13731 1 1790 530 182
47841 29451 13736 1 1790 530 201
47823 29436 13736 1 1790 530 196
47805 29423 13737 1 1790 530 199
47786 29409 13738 1 1790 530 219
47764 29396 13739 1 1790 530 221
47745 29385 13740 1 1790 530 242
47725 29372 13741 1 1790 530 237
47704 29357 13741 1 1790 530 250
47684 29343 13741 1 1790 530 256
47668 29330 13743 1 1790 530 271
47655 29320 13748 1 1790 530 279
47643 29310 13754 1 1790 530 286
47633 29300 13761 1 1790 530 283
47622 29290 13766 1 1790 530 300
47612 29281 13773 1 1790 530 293
47602 29271 13779 1 1800 530 295
47590 29262 13786 1 1800 530 304
47577 29254 13792 1 1800 540 306
47564 29248 13799 1 1800 540 310
47549 29243 13805 1 1800 540 310
47535 29236 13812 1 1800 540 305
47523 29230 13819 1 1800 540 315
47510 29222 13825 1 1800 540 320
47498 29214 13832 1 1800 540 323
47487 29207 13838 1 1800 540 331
47475 29201 13846 1 1800 550 330
47465 29195 13852 1 1800 550 334
47455 29189 13859 1 1800 550 330
47445 29183 13865 1 1800 550 328
47431 29178 13872 1 1800 550 339
47416 29173 13878 1 1800 550 335
47399 29168 13884 1 1800 550 328
47380 29161 13889 1 1800 550 335
47364 29152 13896 1 1800 550 334
47350 29142 13902 1 1800 550 331
47336 29129 13908 1 1800 550 344
47324 29117 13914 1 1800 550 336
47310 29105 13921 1 1800 550 342
47297 29093 13927 1 1800 550 353
47285 29082 13934 1 1800 540 336
47274 29071 13940 1 1800 540 347
47265 29059 13947 1 1800 540 340
47254 29051 13953 1 1800 540 345
47235 29043 13961 1 1800 540 341
47215 29036 13985 1 1800 540 339
47194 29028 14011 1 1800 530 349
47173 29019 14035 1 1800 530 345
47154 29007 14036 1 1790 530 339
47138 28996 14038 1 1790 530 346
47123 28986 14047 1 1790 530 341
47109 28977 14054 1 1790 530 346
47099 28970 14059 1 1790 530 344
47090 28964 14068 1 1790 520 341
47086 28959 14072 1 1790 520 349
47085 28956 14089 1 1790 520 351
47084 28953 14096 1 1790 520 354
47084 28950 14105 1 1790 520 355
47084 28948 14121 1 1790 520 348
47083 28944 14130 1 1790 520 352
47083 28940 14135 1 1790 520 351
47082 28934 14138 1 1790 520 342
47077 28929 14145 1 1790 530 351
47071 28922 14155 1 1790 530 348
47060 28913 14163 1 1790 530 341
47048 28904 14172 1 1790 530 346
47051 28984 14180 0 1790 530 339
47028 28979 14185 0 1790 530 347
47019 28988 14189 0 1790 530 346
47012 29028 14191 0 1790 530 345
47011 29084 14192 0 1790 530 352
47012 29142 14194 0 1790 530 347
47021 29195 14197 0 1790 530 346
47021 29195 14201 0 1790 530 357
47022 29195 14207 0 1790 530 351
47054 29086 14207 0 1790 530 364
47087 28979 14219 0 1790 530 359
47123 28874 14222 0 1790 540 356
47166 28753 14222 0 1790 540 367
47213 28631 14227 0 1790 540 361
47249 28514 14231 0 1790 540 355
47286 28392 14232 0 1790 540 365
47324 28270 14232 0 1790 540 361
47363 28149 14237 0 1790 540 366
47406 28025 14247 0 1790 540 360
47451 27895 14251 0 1790 540 356
47501 27772 14255 0 1790 540 365
47551 27652 14264 0 1790 540 365
47609 27533 14273 0 1790 540 366
47609 27533 14291 0 1790 540 370
47609 27533 14292 0 1790 540 373
47559 27561 14299 0 1790 540 373
47460 27627 14301 0 1790 540 370
47314 27738 14360 0 1790 530 362
47134 27930 14383 0 1790 530 369
47060 28040 14411 0 1790 530 362
47027 28136 14420 0 1790 530 353
47034 28219 14426 0 1790 540 352
47036 28283 14443 0 1790 540 335
47067 28345 14446 0 1790 540 328
47131 28413 14451 0 1790 540 310
47207 28460 14457 0 1790 540 284
47267 28495 14463 0 1790 540 262
47333 28524 14486 0 1790 540 210
47400 28538 14490 0 1790 540 125
47462 28530 14491 0 1790 540 0
47519 28522 14492 0 1790 540 0
47562 28525 14495 0 1790 540 0
47590 28523 14500 0 1790 540 0
47592 28522 14502 0 1790 540 0
47592 28522 14504 0 1790 540 0
47592 28522 14506 0 1790 540 0
47578 28540 14512 0 1790 540 0
47537 28573 14514 0 1790 540 0
47486 28618 14519 0 1910 420 0
47429 28665 14521 0 1920 430 0
47371 28716 14522 0 1920 430 0
47315 28763 14533 0 1920 440 0
47266 28802 14534 0 1910 450 0
47225 28835 14536 0 1920 460 0
47187 28864 14547 0 1920 470 0
47150 28885 14547 0 1930 480 0
47120 28901 14551 0 1930 490 0
47097 28918 14552 0 1930 500 0
47077 28934 14557 0 1940 510 0
47059 28949 14559 0 1960 520 0
47042 28963 14565 0 1940 520 0
47029 28976 14565 0 1950 530 0
47021 28985 14569 0 1950 530 0
47016 28990 14572 0 1930 520 0
47015 28991 14572 0 1930 520 0
47015 28991 14576 0 1930 520 0
47015 28991 14576 0 1920 520 0
47016 28987 14577 0 1910 510 0
47025 28975 14579 0 1910 510 0
47031 28968 14581 0 1900 510 0
47033 28965 14582 0 1900 510 0
47034 28965 14587 0 1890 510 0
47034 28965 14589 0 1870 510 0
47034 28965 14590 0 1860 510 0
47034 28964 14593 0 1860 500 0
47034 28963 14593 0 1850 500 0
47034 28958 14598 0 1840 500 0
47034 28952 14603 0 1840 500 0
47034 28943 14607 0 1820 510 0
47034 28932 14610 0 1820 510 0
47030 28922 14610 0 1830 520 0
47021 28913 14610 0 1830 530 0
47013 28902 14624 0 1830 530 0
47001 28892 14638 0 1830 540 0
46992 28885 14652 0 1830 540 0
46986 28879 14663 0 1830 540 0
46973 28795 14688 1 1830 540 0
46964 28790 15043 1 1830 540 0
46975 28868 15057 0 1830 530 0
46961 28787 15067 1 1830 530 0
46958 28787 15076 1 1830 530 0
46957 28786 15086 1 1830 530 0
46956 28785 15094 1 1830 530 0
46955 28784 15103 1 1840 530 0
46955 28781 15111 1 1840 530 0
46955 28776 15121 1 1840 530 0
46955 28767 15131 1 1840 530 0
46955 28758 15141 1 1840 530 0
46955 28747 15152 1 1840 520 0
46956 28735 15162 1 1840 520 0
46963 28719 15168 1 1840 520 0
46972 28702 15170 1 1840 520 0
46979 28686 15172 1 1840 520 0
46984 28669 15177 1 1840 520 0
46989 28651 15186 1 1840 520 0
46996 28630 15195 1 1840 520 0
47007 28608 15206 1 1840 520 0
47021 28582 15215 1 1830 520 0
47038 28557 15224 1 1830 520 0
47054 28530 15227 1 1830 520 0
47072 28499 15227 1 1830 520 0
47087 28469 15227 1 1830 520 0
47099 28439 15228 1 1830 520 0
47111 28410 15230 1 1830 520 0
47123 28384 15233 1 1830 520 0
47134 28357 15235 1 1830 520 0
47148 28328 15236 1 1830 520 0
47162 28298 15240 1 1830 520 0
47177 28266 15245 1 1830 520 0
47191 28232 15260 1 1830 520 0
47202 28202 15268 1 1830 520 0
47210 28174 15273 1 1830 520 0
47216 28150 15287 1 1830 520 0
47219 28128 15302 1 1830 520 0
47218 28104 15307 1 1830 520 0
47217 28078 15318 1 1830 530 0
47216 28052 15336 1 1830 530 0
47215 28023 15353 1 1840 530 0
47214 27996 15362 1 1840 530 0
47212 27968 15370 1 1840 530 4
47211 27938 15391 1 1840 530 18
47210 27905 15412 1 1840 530 31
47211 27870 15417 1 1840 530 43
47218 27832 15435 1 1840 530 50
47228 27793 15445 1 1840 530 70
47234 27754 15459 1 1840 530 87
47239 27715 15481 1 1840 530 102
47242 27679 15505 1 1840 530 118
47244 27644 15512 1 1840 530 133
47247 27611 15530 1 1840 530 158
47251 27583 15550 1 1840 530 177
47255 27555 15556 1 1840 530 178
47261 27530 15560 1 1840 530 197
47266 27505 15562 1 1840 530 214
47270 27480 15570 1 1840 530 212
47274 27458 15576 1 1840 530 220
47278 27435 15582 1 1840 530 224
47281 27411 15599 1 1840 530 241
47284 27389 15599 1 1840 530 256
47287 27366 15599 1 1840 530 264
47290 27344 15602 1 1840 530 278
47293 27327 15610 1 1840 530 282
47296 27313 15619 1 1840 530 289
47297 27300 15627 1 1840 530 299
47298 27288 15628 1 1840 530 303
47301 27275 15632 1 1840 530 303
47305 27259 15648 1 1840 530 309
47312 27241 15654 1 1830 530 314
47322 27221 15654 1 1830 530 319
47332 27202 15657 1 1830 530 319
47343 27183 15659 1 1830 530 319
47350 27167 15661 1 1830 540 329
47356 27152 15664 1 1830 540 323
47360 27136 15666 1 1830 540 325
47364 27099 15668 1 1830 540 333
47367 27060 15668 1 1830 540 327
47370 27018 15669 1 1830 540 349
47373 26976 15670 1 1830 540 339
47375 26932 15670 1 1830 540 338
47378 26887 15671 1 1830 540 354
47382 26843 15671 1 1830 540 354
47386 26801 15673 1 1830 540 354
47389 26761 15673 1 1830 540 360
47392 26723 15673 1 1830 540 354
47394 26681 15673 1 1830 540 372
47398 26637 15673 1 1830 540 371
47400 26592 15675 1 1830 540 360
47401 26547 15676 1 1830 550 369
47403 26505 15679 1 1830 550 361
47402 26468 15680 1 1830 550 363
47403 26437 15680 1 1830 550 369
47405 26408 15681 1 1830 540 366
47410 26383 15682 1 1830 540 380
47413 26358 15682 1 1830 540 379
47418 26333 15684 1 1830 540 381
47423 26309 15688 1 1830 540 387
47430 26284 15689 1 1810 540 385
47438 26258 15694 1 1810 540 396
47450 26229 15694 1 1810 540 396
47463 26200 15704 1 1810 540 391
47479 26172 15706 1 1830 540 403
47494 26148 15708 1 1830 540 395
47506 26127 15715 1 1830 530 390
47518 26109 15717 1 1830 530 402
47528 26092 15719 1 1830 530 400
47537 26075 15722 1 1830 530 397
47545 26060 15727 1 1830 530 396
47553 26048 15732 1 1830 530 390
47560 26035 15736 1 1830 530 403
47565 26024 15740 1 1830 530 398
47568 26014 15744 1 1830 520 388
47569 26005 15751 1 1830 520 404
47570 25999 15754 1 1830 520 395
47571 25993 15757 1 1830 520 396
47571 25990 15766 1 1830 520 398
47571 25987 15771 1 1810 520 406
47613 26059 15779 0 1810 520 415
47623 26057 15785 0 1810 520 407
47639 26074 15792 0 1810 520 404
47666 26121 15798 0 1810 520 408
47704 26190 15803 0 1810 520 401
47751 26283 15809 0 1810 520 403
47821 26385 15811 0 1800 520 402
47821 26385 15812 0 1800 530 397
47822 26384 15812 0 1800 530 407
47993 26481 15814 0 1800 530 404
48153 26595 15815 0 1800 530 398
48293 26719 15819 0 1800 530 412
48447 26783 15821 0 1800 530 403
48607 26833 15822 0 1800 530 405
48769 26880 15822 0 1800 530 412
48937 26911 15822 0 1800 530 404
49113 26938 15823 0 1800 530 410
49297 26965 15823 0 1800 530 408
49483 26993 15823 0 1800 530 406
49662 27029 15824 0 1800 540 413
49843 27070 15824 0 1800 540 406
50022 27114 15883 0 1800 540 407
50192 27165 16022 0 1800 540 408
50358 27213 16028 0 1800 540 403
50517 27260 16093 0 1800 540 409
50672 27309 16114 0 1800 540 409
50821 27362 16116 0 1800 540 408
50985 27416 16120 0 1800 540 415
51217 27463 16121 0 1800 540 409
51429 27513 16121 0 1800 540 414
51591 27590 16130 0 1800 540 411
51739 27665 16136 0 1800 540 406
51870 27746 16147 0 1800 540 417
51971 27859 16152 0 1800 540 410
52086 27954 16157 0 1800 540 404
52172 28043 16162 0 1790 540 414
52173 28051 16177 0 1790 540 407
52175 28059 16180 0 1790 540 409
52181 28091 16188 0 1790 550 413
52191 28142 16188 0 1790 550 403
52205 28220 16204 0 1790 550 412
52205 28221 16226 0 1790 550 409
52209 28221 16228 0 1800 540 405
52218 28241 16234 0 1800 540 414
52230 28269 16235 0 1800 540 403
52239 28258 16239 0 1800 540 409
52238 28175 16278 0 1800 540 409
52225 28070 16280 0 1800 550 404
52220 28004 16292 0 1800 550 412
52220 27945 16297 0 1800 550 409
52221 27898 16307 0 1800 550 407
52214 27866 16308 0 1800 550 414
52196 27856 16311 0 1800 550 405
52159 27837 16313 0 1800 550 410
52115 27839 16314 0 1800 550 412
52070 27868 16316 0 1800 550 409
52046 27917 16317 0 1790 550 419
52018 27967 16322 0 1790 550 412
51994 28020 16323 0 1790 550 403
51966 28091 16323 0 1790 550 411
51936 28165 16326 0 1790 550 403
51915 28229 16327 0 1790 560 397
51899 28292 16329 0 1790 560 373
51887 28343 16330 0 1790 560 332
51879 28375 16332 0 1790 560 277
51878 28406 16334 0 1790 560 165
51878 28432 16336 0 1790 560 0
51879 28452 16341 0 1790 560 0
51896 28476 16344 0 1800 560 0
51920 28494 16345 0 1800 560 0
51946 28510 16347 0 1800 560 0
51969 28525 16347 0 1800 560 0
51988 28539 16349 0 1800 560 0
52002 28549 16352 0 1800 560 0
52010 28560 16352 0 1800 560 0
52011 28569 16353 0 1810 430 0
52012 28576 16360 0 1810 430 0
52012 28585 16368 0 1810 430 0
52008 28593 16376 0 1800 430 0
51995 28602 16391 0 1800 420 0
51978 28613 16404 0 1800 410 0
51959 28624 16417 0 1800 400 0
51937 28636 16430 0 1800 390 0
51914 28648 16443 0 1800 380 0
51888 28661 16455 0 1800 380 0
51864 28671 16463 0 1790 390 0
51845 28678 16463 0 1780 400 0
51822 28687 16478 0 1780 410 0
51803 28695 16490 0 1770 410 0
51789 28699 16502 0 1770 420 0
51778 28701 16512 0 1770 430 0
51774 28702 16521 0 1770 430 0
51772 28702 16529 0 1760 440 0
51772 28702 16537 0 1760 450 0
51772 28703 16545 0 1760 460 0
51772 28706 16553 0 1740 480 0
51772 28708 16560 0 1740 490 0
51774 28711 16568 0 1740 510 0
51780 28717 16574 0 1740 520 0
51785 28723 16581 0 1720 530 0
51793 28733 16586 0 1720 540 0
51800 28744 16593 0 1730 540 0
51806 28755 16599 0 1730 540 0
51815 28765 16605 0 1730 530 0
51820 28774 16611 0 1730 530 0
51827 28780 16617 0 1720 530 0
51834 28786 16623 0 1720 530 0
51840 28791 16629 0 1720 530 0
51845 28793 16636 0 1710 530 0
51850 28794 16642 0 1710 530 0
51855 28795 16648 0 1710 530 0
51860 28795 16653 0 1710 530 0
51862 28795 16659 0 1690 530 0
51862 28795 16667 0 1690 530 0
51861 28796 16675 0 1690 530 0
51861 28796 16682 0 1690 530 0
51861 28796 16691 0 1690 530 0
51793 28516 16709 1 1690 530 0
51861 28797 16875 0 1690 530 0
51793 28516 16880 1 1690 530 0
51793 28516 16886 1 1690 530 0
51792 28509 16894 1 1690 530 0
51792 28501 16902 1 1690 530 0
51792 28494 16910 1 1680 520 0
51792 28487 16918 1 1680 520 0
51792 28479 16926 1 1680 520 0
51792 28470 16934 1 1680 520 0
51788 28460 16943 1 1680 520 0
51782 28449 16954 1 1680 520 0
51775 28438 16965 1 1680 520 0
51768 28424 16975 1 1680 520 0
51761 28411 16987 1 1680 520 0
51756 28401 16996 1 1680 520 0
51751 28389 17007 1 1680 520 0
51746 28381 17015 1 1680 530 0
51741 28370 17026 1 1680 530 0
51736 28358 17035 1 1680 530 0
51731 28345 17048 1 1680 530 0
51725 28332 17062 1 1680 530 0
51719 28320 17076 1 1680 530 6
51712 28307 17089 1 1680 530 17
51706 28295 17102 1 1680 530 23
51699 28282 17116 1 1680 530 23
51691 28271 17130 1 1680 530 24
51682 28258 17143 1 1680 530 36
51672 28244 17159 1 1680 530 49
51661 28230 17175 1 1670 540 64
51652 28215 17190 1 1670 540 82
51642 28199 17206 1 1670 540 94
51633 28184 17221 1 1670 540 113
51625 28171 17235 1 1670 540 125
51615 28156 17251 1 1670 540 133
51605 28142 17266 1 1670 540 140
51595 28127 17281 1 1670 540 148
51586 28112 17296 1 1670 540 152
51578 28097 17312 1 1670 540 161
51569 28081 17327 1 1670 540 167
51561 28065 17343 1 1670 540 184
51551 28049 17358 1 1670 540 185
51540 28032 17375 1 1670 540 185
51529 28013 17393 1 1670 540 195
51518 27994 17410 1 1670 540 195
51505 27976 17427 1 1670 540 194
51494 27956 17445 1 1670 540 204
51481 27937 17463 1 1670 540 201
51471 27919 17474 1 1670 540 220
51463 27903 17475 1 1670 540 219
51456 27888 17478 1 1670 540 225
51448 27871 17479 1 1670 540 236
51439 27853 17481 1 1670 540 241
51430 27832 17482 1 1670 540 252
51422 27811 17495 1 1670 540 259
51414 27786 17509 1 1690 540 257
51408 27763 17516 1 1690 540 267
51399 27738 17524 1 1690 540 271
51391 27713 17539 1 1690 540 271
51383 27689 17548 1 1690 540 280
51374 27665 17555 1 1690 540 278
51366 27645 17556 1 1690 540 277
51358 27627 17556 1 1690 540 278
51350 27612 17557 1 1690 540 275
51343 27595 17563 1 1690 540 290
51338 27579 17569 1 1690 540 291
51333 27564 17572 1 1700 550 297
51328 27552 17579 1 1700 550 308
51323 27540 17587 1 1700 550 304
51314 27528 17594 1 1700 550 306
51301 27516 17597 1 1700 550 314
51286 27502 17602 1 1700 550 308
51272 27487 17612 1 1710 550 320
51258 27473 17627 1 1710 550 317
51247 27459 17643 1 1710 550 312
51237 27445 17652 1 1710 550 327
51224 27430 17654 1 1730 550 320
51211 27413 17658 1 1730 550 326
51197 27395 17671 1 1730 550 331
51184 27378 17684 1 1730 550 325
51172 27362 17694 1 1730 550 340
51159 27345 17705 1 1730 550 333
51145 27327 17717 1 1740 550 327
51130 27310 17729 1 1740 550 339
51116 27292 17737 1 1740 550 333
51103 27275 17742 1 1740 550 333
51089 27265 17742 1 1740 550 333
51077 27254 17755 1 1740 550 330
51064 27245 17764 1 1740 550 339
51053 27237 17769 1 1740 550 334
51044 27229 17782 1 1740 550 329
51033 27221 17791 1 1760 550 341
51024 27215 17797 1 1760 550 337
51015 27207 17810 1 1760 550 335
51005 27200 17811 1 1760 550 334
50995 27192 17825 1 1760 550 333
50982 27183 17836 1 1760 550 338
50968 27172 17838 1 1760 550 330
50954 27162 17853 1 1770 550 326
50942 27154 17854 1 1770 560 339
50931 27146 17866 1 1770 560 336
50924 27137 17882 1 1770 560 338
50916 27118 17896 1 1770 560 345
50909 27096 17908 1 1770 560 338
50900 27072 17912 1 1770 560 345
50890 27048 17916 1 1770 550 342
50879 27024 17921 1 1770 550 334
50867 27001 17925 1 1770 550 341
50856 26978 17932 1 1770 550 332
50844 26950 17933 1 1770 550 332
50831 26925 17943 1 1770 550 334
50821 26901 17951 1 1770 550 327
50810 26878 17960 1 1770 550 341
50799 26856 17969 1 1770 550 337
50787 26833 17969 1 1770 550 331
50773 26808 17969 1 1770 550 344
50759 26785 17979 1 1770 550 333
50747 26765 17986 1 1770 550 332
50737 26746 17987 1 1770 550 329
50726 26726 17991 1 1770 550 317
50716 26706 17992 1 1770 550 320
50705 26686 17993 1 1770 550 316
50696 26667 17995 1 1770 550 311
50684 26648 17996 1 1770 550 318
50674 26629 17998 1 1770 550 312
50662 26606 17998 1 1770 550 316
50653 26585 18003 1 1770 550 314
50644 26564 18003 1 1770 550 309
50632 26540 18005 1 1770 550 318
50622 26514 18011 1 1770 550 309
50608 26483 18012 1 1770 550 300
50593 26452 18013 1 1770 550 309
50578 26420 18018 1 1770 550 298
50564 26389 18019 1 1770 550 302
50551 26361 18023 1 1790 550 304
50541 26338 18028 1 1790 550 301
50532 26318 18030 1 1790 550 306
50523 26299 18034 1 1790 550 302
50515 26283 18037 1 1790 550 297
50508 26269 18041 1 1790 550 300
50505 26259 18043 1 1790 550 293
50503 26254 18049 1 1790 550 295
50503 26251 18049 1 1790 550 285
50503 26250 18050 1 1790 550 266
50624 26171 18055 0 1790 550 241
50624 26171 18057 0 1790 540 199
50626 26210 18057 0 1790 540 141
50629 26285 18058 0 1790 550 52
50617 26403 18059 0 1790 550 0
50597 26491 18059 0 1790 550 0
50574 26563 18060 0 1790 550 0
50574 26563 18061 0 1790 550 0
50574 26563 18067 0 1790 550 0
50546 26478 18067 0 1790 550 0
50520 26368 18072 0 1790 550 0
50506 26221 18072 0 1790 550 0
50495 26101 18079 0 1790 550 0
50467 26013 18080 0 1790 550 0
50436 25948 18084 0 1790 550 0
50406 25895 18084 0 1800 550 0
50401 25893 18090 0 1800 550 0
50397 25890 18090 0 1800 540 0
50374 25881 18094 0 1800 540 0
50325 25867 18095 0 1800 540 0
50225 25865 18097 0 1800 540 0
50055 25854 18098 0 1800 530 0
49909 25846 18099 0 1800 530 0
49751 25847 18099 0 1800 530 0
49588 25867 18099 0 1800 520 0
49425 25883 18100 0 1800 520 0
49267 25900 18101 0 1800 520 0
49122 25918 18101 0 1800 520 0
48994 25940 18101 0 1790 520 0
48881 25962 18106 0 1790 520 0
48788 25983 18155 0 1790 520 0
48714 26005 18194 0 1790 520 0
48651 26029 18231 0 1790 520 0
48596 26059 18232 0 1790 520 0
48546 26094 18233 0 1790 520 0
48494 26135 18235 0 1790 520 0
48438 26178 18237 0 1790 530 0
48386 26219 18240 0 1790 530 0
48337 26251 18244 0 1790 530 0
48294 26253 18251 0 1790 530 19
48262 26274 18252 0 1790 530 37
48231 26272 18253 0 1790 530 48
48206 26271 18256 0 1790 530 62
48184 26270 18258 0 1790 530 68
48162 26270 18258 0 1790 530 67
48137 26274 18259 0 1790 530 74
48105 26282 18259 0 1790 530 76
48067 26291 18260 0 1790 530 76
48025 26295 18271 0 1790 530 93
47981 26295 18272 0 1790 530 106
47942 26291 18283 0 1790 530 124
47907 26287 18284 0 1790 530 144
47880 26285 18291 0 1790 530 162
47855 26275 18298 0 1790 530 192
47829 26261 18301 0 1790 540 208
47802 26249 18303 0 1790 540 208
47772 26240 18303 0 1790 540 226
47742 26232 18304 0 1790 540 230
47709 26225 18305 0 1790 540 234
47678 26220 18305 0 1790 540 242
47654 26214 18305 0 1790 540 252
47635 26207 18305 0 1790 540 272
47620 26201 18306 0 1790 540 273
47610 26192 18311 0 1790 540 272
47604 26182 18311 0 1790 540 284
47602 26173 18314 0 1790 540 281
47601 26164 18315 0 1790 540 285
47597 26159 18315 0 1790 540 286
47597 26155 18316 0 1790 550 287
47597 26153 18317 0 1790 550 299
47597 26152 18319 0 1790 550 298
47600 26151 18322 0 1790 550 295
47616 26148 18323 0 1790 550 301
47634 26145 18327 0 1790 550 292
47650 26142 18328 0 1790 550 288
47670 26136 18334 0 1790 550 284
47690 26131 18335 0 1790 550 270
47710 26126 18338 0 1790 550 258
47727 26122 18341 0 1790 550 222
47735 26121 18342 0 1790 550 165
47698 25982 18344 1 1790 550 63
47737 26122 18346 0 1790 550 0
47702 25982 18347 1 1790 550 0
47703 25982 18351 1 1790 550 0
47705 25980 18354 1 1790 550 0
47708 25977 18357 1 1800 550 0
47713 25974 18360 1 1800 550 0
47718 25971 18370 1 1580 540 0
47726 25968 18370 1 1590 550 0
47737 25966 18371 1 1590 550 0
47750 25964 18382 1 1590 550 0
47768 25962 18385 1 1600 560 0
47790 25961 18385 1 1600 560 0
47817 25960 18388 1 1610 570 0
47850 25959 18395 1 1620 580 0
47883 25960 18396 1 1630 570 0
47925 25959 18396 1 1640 570 0
47973 25959 18397 1 1670 550 0
48023 25959 18397 1 1690 530 0
48074 25959 18398 1 1710 530 0
48127 25959 18399 1 1730 510 0
48171 25956 18399 1 1740 510 0
48213 25952 18399 1 1750 500 0
48255 25948 18401 1 1760 500 0
48307 25947 18402 1 1780 500 0
48360 25946 18402 1 1790 500 0
48411 25945 18404 1 1800 500 0
48460 25945 18406 1 1800 500 0
48509 25945 18410 1 1800 490 0
48554 25948 18414 1 1800 490 0
48601 25950 18415 1 1800 480 0
48649 25953 18418 1 1800 480 0
48695 25955 18421 1 1800 490 0
48740 25958 18422 1 1800 500 0
48782 25961 18425 1 1800 520 0
48823 25964 18431 1 1800 540 0
48861 25967 18431 1 1800 550 0
48898 25970 18431 1 1800 550 0
48933 25971 18432 1 1800 550 0
48968 25971 18437 1 1800 550 0
49004 25972 18437 1 1790 540 0
49040 25972 18442 1 1790 540 0
49077 25972 18443 1 1790 540 0
49115 25972 18443 1 1770 530 0
49153 25969 18443 1 1770 530 0
49189 25969 18445 1 1770 530 0
49224 25968 18451 1 1770 530 0
49258 25968 18459 1 1760 520 0
49292 25970 18465 1 1760 520 0
49326 25972 18468 1 1760 520 0
49357 25973 18469 1 1760 520 0
49387 25973 18480 1 1760 520 0
49418 25973 18483 1 1760 520 0
49450 25973 18492 1 1760 510 0
49481 25973 18493 1 1760 510 0
49512 25972 18499 1 1760 510 0
49536 25973 18504 1 1760 510 0
49563 25974 18509 1 1760 510 0
49591 25975 18518 1 1760 510 0
49618 25976 18519 1 1760 510 0
49648 25978 18523 1 1760 510 0
49677 25980 18527 1 1760 510 0
49703 25981 18539 1 1760 510 0
49730 25983 18544 1 1760 510 0
49753 25984 18559 1 1760 510 0
49778 25983 18569 1 1750 520 0
49806 25982 18584 1 1750 520 0
49835 25980 18597 1 1750 520 0
49865 25979 18600 1 1750 520 0
49895 25976 18617 1 1740 520 0
49926 25975 18633 1 1740 520 0
49957 25973 18647 1 1740 520 0
49979 25976 18653 1 1740 520 0
49999 25981 18662 1 1730 530 0
50018 25986 18676 1 1720 530 0
50037 25992 18691 1 1720 530 0
50054 25998 18714 1 1720 530 0
50069 26003 18722 1 1730 530 0
50082 26008 18736 1 1730 530 0
50094 26013 18757 1 1730 530 0
50106 26017 18778 1 1730 530 0
50117 26021 18797 1 1730 530 0
50128 26026 18799 1 1750 530 0
50137 26029 18813 1 1750 530 0
50147 26033 18827 1 1750 530 0
50159 26038 18841 1 1750 540 0
50174 26044 18865 1 1750 540 0
50190 26051 18870 1 1750 540 0
50209 26055 18881 1 1750 540 0
50226 26058 18893 1 1750 540 0
50243 26061 18905 1 1750 540 0
50259 26064 18916 1 1750 540 0
50274 26067 18925 1 1750 540 0
50290 26071 18927 1 1750 540 0
50303 26075 18934 1 1750 540 0
50313 26079 18942 1 1750 540 0
50323 26083 18950 1 1750 540 0
50334 26087 18956 1 1750 540 0
50344 26091 18957 1 1750 540 14
50355 26095 18958 1 1750 540 25
50365 26099 18959 1 1750 540 41
50376 26103 18962 1 1750 540 54
50386 26107 18962 1 1750 540 76
50394 26112 18965 1 1750 540 106
50401 26116 18968 1 1750 540 129
50408 26121 18968 1 1750 540 156
50416 26127 18974 1 1750 540 165
50424 26133 18974 1 1750 540 170
50434 26139 18975 1 1740 550 183
50444 26144 18977 1 1740 550 181
50454 26149 18978 1 1740 550 179
50463 26152 18981 1 1740 550 180
50471 26156 18982 1 1760 550 177
50478 26159 18983 1 1760 550 186
50482 26162 18984 1 1760 550 186
50485 26164 18986 1 1760 550 183
50487 26165 18987 1 1760 550 193
50487 26166 18988 1 1760 550 191
50488 26167 18988 1 1760 550 193
50488 26168 18988 1 1760 550 195
50489 26168 18989 1 1760 550 188
50489 26169 18989 1 1760 550 196
50487 26168 18990 1 1760 550 185
50482 26165 18993 1 1760 550 177
50477 26162 18995 1 1760 550 166
50473 26159 18996 1 1760 550 145
50471 26159 19004 1 1740 550 126
50485 25998 19007 0 1740 550 98
50480 25998 19009 0 1740 550 63
50478 25998 19014 0 1740 550 38
50477 25998 19018 0 1740 550 2
50477 25998 19022 0 1730 550 0
50480 26001 19027 0 1730 550 0
50494 26010 19027 0 1730 550 0
50508 26019 19034 0 1710 550 0
50522 26031 19041 0 1710 550 0
50535 26047 19044 0 1710 550 0
50546 26068 19049 0 1710 550 0
50555 26095 19056 0 1700 550 0
50561 26129 19056 0 1700 550 3
50565 26171 19063 0 1700 550 18
50568 26216 19065 0 1700 550 20
50570 26259 19071 0 1700 550 17
50572 26297 19071 0 1700 550 0
50574 26330 19077 0 1700 550 0
50575 26352 19078 0 1710 550 0
50576 26368 19084 0 1710 550 0
50577 26379 19086 0 1710 550 0
50577 26384 19092 0 1710 550 0
50577 26387 19093 0 1710 550 0
50576 26387 19098 0 1730 550 0
50574 26387 19099 0 1730 550 0
50572 26387 19105 0 1730 550 20
50570 26387 19105 0 1750 540 40
50569 26387 19110 0 1750 540 51
50569 26387 19112 0 1750 540 56
50568 26387 19116 0 1750 540 65
50565 26387 19119 0 1750 540 62
50563 26386 19124 0 1750 540 59
50560 26386 19129 0 1760 540 61
50558 26384 19132 0 1760 540 59
50557 26377 19140 0 1760 540 68
50539 26369 19145 1 1760 540 63
50555 26370 19147 0 1760 540 56
50539 26362 19153 1 1760 540 6
50540 26359 19294 1 1760 540 0
50541 26355 19487 1 1740 550 0
50541 26352 19492 1 1740 550 0
50542 26349 19493 1 1740 550 0
50543 26345 19498 1 1740 550 0
50543 26342 19502 1 1740 550 0
50544 26340 19507 1 1730 560 0
50545 26338 19510 1 1730 560 0
50545 26335 19515 1 1730 560 0
50546 26332 19519 1 1720 570 0
50547 26329 19525 1 1710 570 0
50547 26325 19529 1 1710 570 0
50547 26320 19534 1 1710 570 0
50544 26314 19539 1 1710 570 0
50541 26308 19543 1 1710 560 0
50539 26302 19547 1 1720 540 0
50536 26298 19549 1 1720 520 0
50533 26292 19552 1 1740 500 0
50529 26286 19555 1 1740 480 0
50524 26278 19558 1 1760 460 0
50520 26270 19561 1 1760 440 0
50515 26262 19561 1 1750 430 0
50511 26255 19561 1 1760 410 0
50508 26249 19563 1 1750 390 0
50504 26243 19563 1 1750 380 0
50502 26238 19564 1 1750 370 0
50498 26232 19565 1 1750 360 0
50495 26228 19565 1 1750 350 0
50493 26223 19566 1 1750 340 0
50491 26220 19566 1 1750 340 0
50490 26217 19568 1 1750 340 0
50489 26215 19569 1 1740 350 0
50488 26214 19570 1 1730 370 0
50488 26213 19572 1 1730 390 0
50488 26212 19575 1 1720 400 0
50488 26212 19579 1 1710 420 0
50489 26212 19582 1 1700 440 0
50489 26213 19588 1 1700 450 0
50490 26213 19594 1 1700 470 0
50490 26213 19601 1 1710 480 0
50443 26040 19606 0 1720 490 0
50421 26081 19613 0 1720 500 0
50400 26142 19617 0 1730 510 0
50371 26240 19621 0 1720 520 0
50337 26380 19688 0 1720 520 0
50337 26381 19693 0 1730 530 0
48124 30205 22281 0 1730 530 0
48124 30205 22289 0 1730 530 0
48124 30205 22294 0 1730 530 0
48151 30184 22297 0 1730 540 0
48219 30128 22303 0 1730 540 0
48358 30040 22310 0 1730 540 0
48475 29991 22311 0 1730 540 0
48594 29957 22314 0 1730 540 0
48710 29936 22320 0 1720 540 0
48815 29944 22326 0 1710 550 0
48894 29947 22327 0 1710 550 0
48959 29965 22333 0 1710 550 0
49007 29966 22341 0 1710 550 0
49040 29967 22343 0 1710 550 0
49040 29946 22350 0 1710 550 0
49033 29939 22360 0 1710 560 0
49033 29939 22364 0 1700 560 0
49033 29948 22365 0 1700 560 0
49047 29982 22370 0 1700 560 0
49070 30031 22370 0 1700 560 0
49076 30085 22371 0 1700 560 0
49079 30148 22371 0 1700 560 0
49079 30193 22379 0 1700 560 18
49080 30236 22388 0 1700 560 30
49081 30278 22396 0 1700 560 41
49081 30313 22404 0 1700 560 49
49079 30340 22411 0 1710 560 49
49071 30360 22418 0 1710 560 63
49062 30375 22424 0 1710 560 63
49055 30382 22431 0 1710 560 55
49047 30402 22437 0 1710 560 58
49046 30409 22444 0 1710 560 57
49046 30429 22450 0 1710 560 58
49046 30435 22457 0 1710 560 58
49046 30440 22462 0 1730 560 57
49046 30458 22469 0 1730 560 63
49053 30463 22474 0 1730 550 60
49063 30480 22481 0 1730 550 56
49071 30500 22488 0 1730 550 58
49077 30515 22494 0 1730 550 24
49082 30529 22501 0 1730 550 24
49085 30543 22506 0 1730 550 24
49085 30554 22513 0 1730 550 24
49085 30557 22518 0 1730 550 24
49085 30565 22524 0 1730 550 24
49085 30570 22529 0 1730 550 24
49085 30571 22535 0 1730 550 24
49084 30571 22540 0 1730 550 24
49093 30571 22546 0 1730 550 24
49098 30572 22551 0 1730 550 24
49112 30572 22556 0 1730 550 24
49122 30573 22561 0 1730 550 24
49137 30573 22566 0 1730 550 24
49152 30574 22571 0 1730 550 24
49169 30574 22576 0 1730 550 24
49186 30573 22581 0 1730 550 24
49203 30569 22586 0 1730 550 24
49218 30566 22591 0 1730 550 24
49231 30563 22596 0 1730 550 24
49240 30562 22600 0 1730 550 24
49245 30561 22606 0 1730 550 24
49246 30561 22611 0 1730 550 24
49246 30561 22616 0 1730 550 24
49245 30561 22621 0 1730 550 24
49245 30561 22626 0 1730 550 24
49247 30559 22630 0 1730 550 24
49249 30556 22635 0 1730 550 24
49252 30553 22640 0 1730 550 24
49255 30549 22645 0 1730 550 24
49259 30546 22650 0 1730 550 24
49265 30542 22654 0 1730 550 24
49271 30542 22659 0 1730 550 24
49277 30541 22664 0 1730 550 24
49281 30540 22669 0 1730 550 24
49285 30540 22673 0 1730 550 24
49286 30539 22678 0 1730 550 24
49288 30539 22683 0 1730 550 24
49289 30539 22688 0 1730 550 24
49289 30539 22692 0 1730 550 24
49292 30537 22697 0 1730 550 24
49298 30534 22702 0 1730 550 24
49305 30528 22706 0 1730 550 24
49312 30519 22710 0 1730 550 24
49319 30512 22715 0 1730 550 24
49324 30509 22719 0 1730 550 24
49327 30505 22724 0 1730 550 24
49332 30504 22728 0 1730 550 24
49334 30504 22733 0 1730 550 24
49336 30501 22737 0 1730 550 24
49338 30499 22742 0 1730 550 24
49339 30496 22746 0 1730 550 24
49341 30493 22750 0 1730 550 24
49318 30275 22888 1 1730 550 24
49320 30271 22891 1 1730 550 24
49320 30270 22895 1 1730 550 24
49320 30270 22899 1 1730 550 24
49320 30270 22903 1 1730 550 24
49320 30270 22905 1 1730 550 24
49320 30270 22907 1 1730 550 24
49320 30270 22911 1 1730 550 24
49321 30270 22912 1 1730 550 24
49321 30270 22917 1 1730 550 24
49321 30270 22918 1 1730 550 24
49321 30270 22923 1 1730 550 24
49321 30267 22930 1 1730 550 24
49321 30265 22935 1 1730 550 24
49313 30261 22939 1 1730 550 24
49304 30257 22941 1 1730 550 24
49293 30252 22944 1 1730 550 24
49281 30247 22947 1 1730 550 24
49264 30242 22948 1 1730 550 24
49245 30237 22952 1 1730 550 24
49229 30232 22953 1 1730 550 24
49211 30227 22956 1 1730 550 24
49194 30219 22959 1 1730 550 24
49176 30209 22960 1 1730 550 24
49157 30198 22965 1 1730 550 24
49137 30187 22965 1 1730 550 24
49116 30177 22969 1 1730 550 24
49094 30168 22971 1 1730 550 24
49069 30156 22973 1 1730 550 24
49048 30145 22976 1 1730 550 24
49030 30133 22982 1 1730 550 24
49019 30124 22982 1 1730 550 24
49011 30115 22986 1 1730 550 24
49020 30297 22990 0 1730 550 24
49018 30284 22993 0 1730 550 24
49018 30282 22998 0 1730 550 24
49018 30282 23000 0 1730 550 24
49018 30282 23003 0 1730 550 24
49021 30282 23006 0 1730 550 24
49031 30297 23009 0 1730 550 24
49042 30315 23012 0 1730 550 24
49035 30131 23016 1 1730 550 24
49065 30165 23018 1 1730 550 24
49083 30179 23018 1 1730 550 24
49104 30193 23019 1 1730 550 24
49112 30386 23021 0 1730 550 24
49162 30412 23023 0 1730 550 24
49189 30427 23023 0 1730 550 24
49217 30440 23026 0 1730 550 24
49246 30453 23028 0 1730 550 24
49274 30467 23032 0 1730 550 24
49301 30482 23034 0 1730 550 24
49326 30497 23036 0 1730 550 24
49346 30511 23042 0 1730 550 24
49334 30295 23046 1 1730 550 24
49356 30521 23047 0 1730 550 24
49356 30315 23056 1 1730 550 24
49360 30319 23058 1 1730 550 24
49360 30321 23058 1 1730 550 24
49360 30321 23059 1 1730 550 24
49355 30321 23059 1 1730 550 24
49332 30320 23061 1 1730 550 24
49304 30307 23063 1 1730 550 24
49273 30287 23063 1 1730 550 24
49238 30260 23063 1 1730 550 24
49194 30229 23065 1 1730 550 24
49142 30193 23066 1 1730 550 24
49078 30152 23067 1 1730 550 24
49077 30334 23068 0 1730 550 24
48916 30221 23068 0 1730 550 24
48825 30170 23070 0 1730 550 24
48732 30125 23071 0 1730 550 24
48649 30092 23071 0 1730 550 24
48581 30070 23071 0 1730 550 24
48528 30050 23072 0 1730 550 24
48493 30041 23072 0 1730 550 24
48474 30039 23073 0 1730 550 24
48474 30034 23076 0 1730 550 24
48474 30016 23079 0 1730 550 24
48489 29983 23083 0 1730 550 24
48530 29946 23086 0 1730 550 24
48587 29901 23089 0 1730 550 24
48658 29849 23092 0 1730 550 24
48739 29792 23096 0 1730 550 24
48826 29738 23097 0 1730 550 24
48903 29688 23100 0 1730 550 24
48971 29652 23103 0 1730 550 24
49031 29655 23103 0 1730 550 24
49078 29665 23107 0 1730 550 24
49113 29667 23109 0 1730 550 24
49113 29667 23110 0 1730 550 24
49146 29647 23114 0 1730 550 24
49174 29645 23114 0 1730 550 24
49190 29645 23117 0 1730 550 24
49204 29648 23120 0 1730 550 24
49218 29672 23123 0 1730 550 24
49223 29698 23126 0 1730 550 24
49229 29723 23129 0 1730 550 24
49246 29737 23132 0 1730 550 24
49263 29748 23134 0 1730 550 24
49277 29757 23137 0 1730 550 24
49292 29763 23141 0 1730 550 24
49306 29769 23145 0 1730 550 24
49318 29773 23149 0 1730 550 24
49327 29775 23154 0 1730 550 24
49335 29775 23157 0 1730 550 24
49341 29775 23161 0 1730 550 24
49345 29775 23165 0 1730 550 24
49345 29775 23168 0 1730 550 24
49345 29775 23171 0 1730 550 24
49345 29775 23175 0 1730 550 24
49329 29775 23178 0 1730 550 24
49301 29774 23181 0 1730 550 24
49268 29785 23184 0 1730 550 24
49233 29801 23187 0 1730 550 24
49197 29819 23187 0 1730 550 24
49164 29838 23190 0 1730 550 24
49133 29855 23193 0 1730 550 24
49107 29872 23194 0 1730 550 24
49087 29889 23196 0 1730 550 24
49074 29903 23198 0 1730 550 24
49067 29915 23198 0 1730 550 24
49063 29927 23201 0 1730 550 24
49060 29937 23201 0 1730 550 24
49057 29945 23204 0 1730 550 24
49055 29950 23205 0 1730 550 24
49053 29952 23207 0 1730 550 24
49052 29952 23208 0 1730 550 24
49052 29952 23209 0 1730 550 24
49051 29952 23211 0 1730 550 24
49051 29952 23212 0 1730 550 24
49051 29952 23213 0 1730 550 24
49051 29950 23214 0 1730 550 24
49051 29946 23214 0 1730 550 24
49057 29942 23217 0 1730 550 24
49066 29939 23218 0 1730 550 24
49086 29878 23407 1 1730 550 24
49103 29873 23408 1 1730 550 24
49117 29868 23408 1 1730 550 24
49133 29859 23409 1 1730 550 24
49157 29845 23410 1 1730 550 24
49184 29829 23410 1 1730 550 24
49214 29811 23412 1 1730 550 24
49247 29790 23413 1 1730 550 24
49280 29769 23414 1 1730 550 24
49310 29750 23415 1 1730 550 24
49338 29733 23419 1 1730 550 24
49363 29720 23421 1 1730 550 24
49382 29711 23423 1 1730 550 24
49398 29706 23425 1 1730 550 24
49409 29705 23425 1 1730 550 24
49414 29705 23425 1 1730 550 24
49414 29706 23425 1 1730 550 24
49414 29707 23426 1 1730 550 24
