38290 6672 270 1 1930 650 8
38291 6672 273 1 1930 650 50
38291 6672 273 1 1930 650 61
38292 6673 276 1 1930 650 95
38292 6681 277 1 1930 650 129
38292 6689 280 1 1930 650 154
38293 6695 281 1 1930 650 188
38293 6702 285 1 1950 650 218
38294 6710 290 1 1960 660 241
38294 6721 295 1 1960 660 255
38293 6735 302 1 1960 660 265
38291 6757 309 1 1940 660 278
38289 6783 314 1 1940 660 298
38284 6815 323 1 1950 670 327
38279 6850 325 1 1950 670 333
38273 6892 335 1 1950 670 350
38267 6938 337 1 1950 680 340
38260 6990 348 1 1950 680 350
38249 7044 349 1 1960 690 353
38236 7092 358 1 1960 690 359
38217 7146 361 1 1960 690 369
38197 7208 368 1 1970 700 375
38172 7265 375 1 1970 700 378
38143 7321 379 1 1970 700 390
38108 7373 388 1 1940 700 398
38068 7424 393 1 1940 700 403
38026 7473 404 1 1950 710 405
37988 7525 406 1 1950 710 406
37942 7575 406 1 1920 720 394
37894 7623 407 1 1920 720 392
37844 7678 409 1 1910 710 403
37788 7724 410 1 1910 710 400
37726 7768 411 1 1890 710 406
37660 7817 414 1 1890 710 405
37587 7863 422 1 1880 700 414
37509 7902 427 1 1850 700 413
37432 7932 428 1 1850 700 402
37359 7954 441 1 1850 690 408
37289 7972 455 1 1830 690 398
37221 7988 457 1 1830 690 403
37151 8000 479 1 1830 690 403
37081 8009 484 1 1800 690 394
37014 8017 490 1 1800 680 397
36949 8021 494 1 1800 680 400
36885 8024 504 1 1800 680 409
36822 8025 505 1 1800 680 402
36760 8027 514 1 1800 680 400
36699 8026 525 1 1780 680 402
36636 8022 527 1 1780 680 401
36570 8015 538 1 1780 680 387
36504 8006 550 1 1750 680 385
36435 7996 551 1 1750 680 382
36365 7981 564 1 1750 680 376
36300 7960 573 1 1750 680 371
36239 7933 576 1 1750 680 382
36181 7904 577 1 1750 680 379
36134 7874 579 1 1750 680 374
36071 7834 583 1 1750 680 378
36015 7778 584 1 1750 680 381
35974 7722 586 1 1750 680 389
35936 7677 590 1 1750 690 387
35901 7638 593 1 1750 690 388
35858 7596 597 1 1750 690 394
35811 7546 598 1 1750 690 393
35772 7488 601 1 1750 690 394
35734 7425 604 1 1750 700 396
35702 7353 605 1 1750 700 396
35676 7299 606 1 1750 700 403
35641 7251 610 1 1720 700 402
35602 7206 611 1 1710 710 409
35567 7157 612 1 1710 710 407
35538 7107 612 1 1690 710 412
35514 7052 613 1 1680 720 414
35496 6994 615 1 1680 720 412
35481 6935 615 1 1650 710 418
35470 6879 617 1 1650 710 418
35460 6815 618 1 1650 710 413
35452 6755 620 1 1650 710 414
35448 6694 626 1 1620 710 409
35443 6625 641 1 1620 710 413
35440 6550 655 1 1620 710 415
35439 6471 668 1 1620 710 418
35438 6390 681 1 1620 710 417
35440 6312 696 1 1590 710 418
35450 6231 704 1 1590 710 415
35464 6146 714 1 1590 710 420
35485 6065 721 1 1590 710 419
35516 5989 727 1 1590 710 417
35559 5921 733 1 1590 710 414
35615 5857 747 1 1600 700 417
35659 5795 775 1 1600 700 421
35721 5726 791 1 1630 700 422
35801 5658 811 1 1630 700 423
35872 5590 834 1 1620 710 423
35935 5536 868 1 1620 710 423
36014 5457 894 1 1650 710 422
36100 5368 917 1 1640 720 424
36197 5303 942 1 1640 720 427
36289 5257 966 1 1670 730 424
36385 5225 981 1 1660 740 428
36498 5202 999 1 1700 740 419
36616 5187 1025 1 1700 740 422
36729 5175 1058 1 1730 750 428
36825 5165 1084 1 1730 750 423
36900 5159 1114 1 1730 750 432
36966 5156 1139 1 1730 750 428
37026 5156 1160 1 1690 750 434
37087 5159 1182 1 1690 750 437
37144 5164 1190 1 1680 760 438
37200 5173 1193 1 1680 760 441
37258 5184 1194 1 1680 760 446
37321 5199 1198 1 1680 760 441
37396 5219 1202 1 1680 760 440
37470 5245 1202 1 1720 760 440
37542 5277 1203 1 1720 760 446
37603 5317 1205 1 1720 760 449
37664 5365 1206 1 1730 750 443
37728 5428 1206 1 1690 750 447
37783 5500 1208 1 1730 750 443
37833 5566 1208 1 1730 750 449
37882 5588 1213 1 1730 750 450
37931 5606 1214 1 1770 740 446
37981 5624 1216 1 1800 740 451
38029 5642 1216 1 1800 740 456
38068 5664 1217 1 1800 730 448
38101 5684 1217 1 1800 730 458
38133 5708 1220 1 1830 730 458
38163 5734 1221 1 1830 720 445
38190 5761 1227 1 1830 720 445
38219 5797 1228 1 1860 720 442
38240 5831 1229 1 1860 720 445
38259 5862 1230 1 1890 710 451
38277 5895 1234 1 1890 710 441
38289 5920 1245 1 1890 710 451
38299 5951 1255 1 1910 710 447
38305 5986 1262 1 1910 710 450
38311 6020 1270 1 1910 700 460
38315 6059 1282 1 1910 700 466
38319 6103 1291 1 1940 690 460
38322 6149 1301 1 1940 690 451
38326 6199 1311 1 1940 690 454
38327 6255 1320 1 1940 690 456
38328 6307 1329 1 1950 680 457
38328 6358 1337 1 1950 680 463
38329 6407 1344 1 1950 680 461
38329 6456 1352 1 1950 680 462
38329 6508 1359 1 1950 680 459
38326 6564 1363 1 1950 680 468
38322 6625 1367 1 1950 670 466
38319 6685 1372 1 1950 670 463
38316 6750 1373 1 1950 670 469
38312 6815 1374 1 1950 670 475
38308 6877 1379 1 1950 670 488
38302 6940 1379 1 1950 670 471
38295 7000 1385 1 1950 670 482
38285 7055 1387 1 1950 680 481
38274 7108 1388 1 1950 680 485
38258 7157 1391 1 1950 680 478
38235 7201 1396 1 1930 690 479
38203 7249 1397 1 1930 690 478
38163 7309 1401 1 1930 690 485
38117 7375 1402 1 1930 690 471
38064 7437 1403 1 1930 690 463
38013 7495 1406 1 1900 690 473
37962 7544 1408 1 1900 690 480
37905 7588 1412 1 1910 700 483
37844 7626 1416 1 1880 700 480
37777 7661 1419 1 1880 700 487
37704 7697 1423 1 1880 700 482
37624 7741 1429 1 1850 690 483
37554 7785 1430 1 1850 690 487
37490 7819 1438 1 1850 690 477
37423 7849 1440 1 1830 690 472
37351 7872 1443 1 1820 680 485
37273 7887 1444 1 1800 680 475
37187 7903 1446 1 1800 680 470
37095 7917 1456 1 1800 680 476
37003 7926 1457 1 1800 680 487
36916 7928 1460 1 1780 680 481
36833 7930 1462 1 1780 670 481
36750 7922 1464 1 1750 670 483
36664 7898 1468 1 1750 670 479
36581 7869 1483 1 1750 670 481
36507 7835 1500 1 1730 670 477
36446 7796 1506 1 1730 670 479
36394 7742 1506 1 1730 680 481
36337 7668 1509 1 1730 680 476
36282 7601 1519 1 1730 680 474
36236 7523 1541 1 1730 680 467
36188 7453 1541 1 1730 680 467
36140 7386 1543 1 1730 680 462
36097 7310 1547 1 1720 690 459
36055 7231 1548 1 1720 690 460
36013 7148 1549 1 1720 690 451
35967 7068 1550 1 1720 700 447
35924 6992 1550 1 1720 700 448
35884 6913 1551 1 1710 710 436
35852 6839 1552 1 1710 710 440
35827 6760 1552 1 1710 710 438
35804 6682 1552 1 1710 710 436
35782 6611 1552 1 1710 710 431
35764 6539 1556 1 1690 710 429
35748 6470 1557 1 1690 710 431
35741 6402 1558 1 1690 710 432
35742 6330 1560 1 1660 700 429
35744 6255 1566 1 1660 700 426
35746 6182 1570 1 1660 700 426
35767 6112 1581 1 1660 700 428
35799 6046 1594 1 1660 700 429
35840 5989 1609 1 1630 700 430
35889 5935 1626 1 1630 700 437
35944 5887 1653 1 1660 700 436
35997 5833 1661 1 1660 700 439
36046 5781 1663 1 1660 700 439
36100 5722 1664 1 1660 700 439
36151 5663 1665 1 1650 710 439
36211 5613 1676 1 1650 710 440
36264 5570 1682 1 1680 720 445
36319 5526 1687 1 1680 720 456
36379 5451 1688 1 1670 730 456
36446 5384 1690 1 1700 730 462
36514 5332 1690 1 1700 730 464
36586 5300 1691 1 1700 740 469
36661 5279 1691 1 1730 740 465
36732 5268 1693 1 1730 740 468
36812 5258 1695 1 1730 740 468
36893 5248 1698 1 1700 740 468
36980 5241 1699 1 1690 750 468
37073 5239 1702 1 1690 750 470
37159 5242 1707 1 1690 750 471
37246 5246 1711 1 1690 750 466
37334 5266 1713 1 1690 750 470
37417 5294 1723 1 1690 750 472
37512 5331 1727 1 1690 750 473
37596 5381 1731 1 1690 750 472
37672 5445 1732 1 1690 750 471
37742 5514 1732 1 1690 750 459
37796 5560 1737 1 1690 750 450
37842 5612 1738 1 1690 750 442
37887 5674 1742 1 1730 750 449
37933 5735 1743 1 1730 740 434
37993 5789 1747 1 1770 740 452
38049 5849 1750 1 1770 740 436
38090 5905 1757 1 1800 740 423
38123 5964 1760 1 1800 730 449
38151 6024 1764 1 1800 730 431
38176 6084 1770 1 1800 730 442
38197 6145 1777 1 1830 720 454
38214 6208 1793 1 1830 720 449
38227 6268 1808 1 1860 710 451
38234 6331 1822 1 1860 710 458
38236 6396 1835 1 1860 710 450
38238 6463 1847 1 1880 700 449
38236 6532 1859 1 1880 700 451
38235 6601 1872 1 1880 700 454
38233 6674 1889 1 1880 690 453
38221 6757 1910 1 1900 690 447
38200 6848 1932 1 1900 690 436
38174 6945 1957 1 1900 690 437
38149 7035 2003 1 1900 690 438
38116 7119 2035 1 1900 690 445
38078 7206 2067 1 1900 690 460
38037 7282 2075 1 1900 690 458
38006 7353 2076 1 1900 690 460
37974 7432 2084 1 1880 690 450
37938 7519 2085 1 1880 690 469
37897 7592 2090 1 1880 690 457
37849 7659 2090 1 1880 690 467
37790 7735 2091 1 1880 690 473
37719 7795 2094 1 1850 690 480
37637 7849 2098 1 1850 690 474
37564 7896 2107 1 1850 690 488
37489 7936 2108 1 1830 690 482
37416 7967 2114 1 1830 690 486
37335 7987 2131 1 1830 690 499
37247 8001 2134 1 1800 680 503
37154 8011 2140 1 1800 680 501
37062 8015 2144 1 1800 680 503
36963 8017 2147 1 1800 680 506
36861 8018 2156 1 1800 670 506
36760 8018 2161 1 1800 670 509
36660 8009 2167 1 1800 670 504
36573 7996 2172 1 1780 670 505
36486 7979 2213 1 1780 670 500
36396 7952 2253 1 1780 670 498
36310 7914 2255 1 1750 670 497
36215 7873 2260 1 1750 670 495
36102 7820 2267 1 1750 670 497
35986 7748 2268 1 1750 680 493
35895 7663 2270 1 1730 680 493
35825 7559 2276 1 1730 680 488
35765 7485 2276 1 1730 680 485
35710 7426 2277 1 1720 690 479
35665 7359 2278 1 1720 690 477
35616 7295 2294 1 1700 690 479
35576 7227 2305 1 1690 700 481
35552 7145 2314 1 1690 700 478
35538 7048 2315 1 1690 700 485
35529 6944 2315 1 1690 700 476
35529 6844 2321 1 1690 700 469
35530 6748 2329 1 1690 700 477
35537 6651 2330 1 1660 690 484
35563 6544 2331 1 1660 690 476
35602 6440 2332 1 1660 690 476
35663 6337 2333 1 1640 690 477
35706 6246 2344 1 1640 690 482
35756 6154 2345 1 1640 690 479
35819 6062 2351 1 1630 700 483
35888 5976 2371 1 1630 700 486
35958 5896 2405 1 1630 700 488
36033 5822 2407 1 1630 700 482
36108 5733 2407 1 1630 700 486
36176 5657 2408 1 1660 700 485
36248 5583 2410 1 1650 710 489
36317 5519 2413 1 1650 710 490
36384 5425 2414 1 1680 720 488
36461 5353 2416 1 1670 730 486
36539 5305 2422 1 1670 730 493
36612 5270 2425 1 1660 740 489
36681 5246 2429 1 1660 740 490
36750 5229 2437 1 1650 750 489
36822 5222 2438 1 1650 750 489
36905 5221 2438 1 1650 750 493
36998 5222 2444 1 1650 750 488
37095 5223 2455 1 1650 750 477
37203 5234 2458 1 1640 750 482
37321 5261 2463 1 1640 750 469
37434 5304 2464 1 1640 750 477
37562 5364 2465 1 1640 750 451
37666 5440 2468 1 1640 750 454
37750 5506 2473 1 1680 760 456
37813 5550 2475 1 1680 760 451
37870 5595 2486 1 1690 750 457
37921 5649 2486 1 1690 750 467
37965 5712 2488 1 1730 750 432
38002 5781 2488 1 1730 750 470
38054 5854 2489 1 1760 750 446
38095 5920 2503 1 1800 740 441
38131 5991 2507 1 1800 740 461
38170 6075 2530 1 1800 740 433
38207 6167 2575 1 1800 730 449
38236 6266 2614 1 1830 730 441
38253 6356 2627 1 1860 720 460
38261 6438 2628 1 1860 720 457
38261 6514 2628 1 1860 720 445
38260 6592 2632 1 1890 710 465
38257 6671 2632 1 1890 710 474
38258 6753 2635 1 1880 700 468
38258 6834 2637 1 1910 700 462
38258 6918 2639 1 1910 700 464
38254 7007 2640 1 1900 690 448
38241 7102 2649 1 1900 690 449
38218 7194 2663 1 1900 690 429
38179 7282 2675 1 1900 690 422
38127 7362 2691 1 1900 690 448
38069 7429 2705 1 1900 690 446
38016 7487 2713 1 1900 680 463
37963 7552 2725 1 1900 680 464
37909 7625 2739 1 1870 680 467
37849 7704 2744 1 1870 680 466
37772 7770 2744 1 1870 680 477
37689 7825 2746 1 1870 680 465
37615 7865 2747 1 1850 680 482
37537 7899 2748 1 1850 680 481
37455 7926 2749 1 1850 680 479
37366 7946 2754 1 1820 680 482
37273 7963 2755 1 1820 680 482
37176 7973 2761 1 1800 680 488
37075 7977 2772 1 1800 680 499
36973 7979 2776 1 1800 670 499
36872 7974 2778 1 1800 670 498
36764 7964 2834 1 1800 670 497
36659 7952 2890 1 1780 670 498
36568 7936 2945 1 1780 670 490
36494 7910 2953 1 1780 670 499
36421 7872 2953 1 1750 670 499
36342 7826 2960 1 1750 670 491
36243 7765 2967 1 1750 670 474
36153 7688 2970 1 1750 670 477
36059 7609 2981 1 1750 680 471
35970 7518 2981 1 1730 680 470
35893 7421 2997 1 1730 680 470
35841 7353 3002 1 1720 690 461
35795 7291 3002 1 1720 690 457
35757 7226 3011 1 1700 690 453
35723 7160 3012 1 1690 700 450
35692 7088 3019 1 1690 700 450
35665 7010 3020 1 1690 700 447
35639 6934 3023 1 1690 710 445
35622 6856 3026 1 1690 710 436
35614 6774 3029 1 1690 710 428
35608 6699 3032 1 1660 700 430
35603 6614 3037 1 1650 710 422
35603 6519 3042 1 1650 710 427
35604 6422 3043 1 1620 710 435
35606 6328 3045 1 1620 710 423
35638 6231 3050 1 1620 710 427
35676 6132 3060 1 1620 710 434
35699 6045 3062 1 1620 710 430
35734 5964 3075 1 1620 710 439
35780 5892 3082 1 1590 710 445
35832 5827 3088 1 1590 710 451
35901 5757 3102 1 1620 710 445
35968 5680 3107 1 1620 710 446
36035 5617 3116 1 1620 710 446
36109 5559 3119 1 1610 720 449
36202 5480 3124 1 1610 720 457
36270 5371 3127 1 1640 720 459
36341 5296 3129 1 1630 730 463
36420 5249 3132 1 1630 730 463
36499 5221 3139 1 1650 750 477
36579 5198 3140 1 1690 750 477
36661 5181 3143 1 1690 750 480
36748 5170 3148 1 1680 760 470
36844 5163 3154 1 1680 760 474
36946 5160 3158 1 1680 760 476
37038 5161 3164 1 1670 770 480
37131 5161 3174 1 1670 770 476
37227 5169 3176 1 1670 770 489
37323 5186 3181 1 1670 770 479
37433 5215 3181 1 1670 770 473
37544 5254 3203 1 1670 770 476
37638 5311 3204 1 1670 770 479
37716 5392 3214 1 1710 770 468
37782 5487 3223 1 1710 770 460
37845 5548 3225 1 1710 770 460
37912 5633 3226 1 1710 770 454
37974 5732 3227 1 1710 770 444
38030 5837 3237 1 1720 760 465
38085 5927 3246 1 1760 760 440
38138 6005 3252 1 1800 750 466
38189 6095 3256 1 1800 750 439
38234 6190 3274 1 1800 740 464
38268 6275 3299 1 1800 740 461
38293 6345 3310 1 1830 730 476
38309 6410 3317 1 1860 720 471
38320 6473 3323 1 1860 720 460
38324 6546 3331 1 1890 710 463
38326 6630 3333 1 1890 710 461
38328 6726 3338 1 1880 700 457
38322 6827 3341 1 1910 700 463
38313 6928 3341 1 1910 700 456
38298 7034 3342 1 1900 690 457
38271 7131 3344 1 1930 690 452
38237 7219 3349 1 1930 690 458
38194 7293 3366 1 1930 690 461
38141 7358 3382 1 1930 690 476
38087 7417 3392 1 1930 690 464
38029 7470 3398 1 1920 680 467
37966 7521 3412 1 1920 680 480
37896 7586 3413 1 1900 680 479
37817 7646 3415 1 1900 680 474
37732 7704 3418 1 1900 680 497
37653 7759 3430 1 1870 680 494
37563 7797 3431 1 1870 680 500
37464 7828 3450 1 1850 680 497
37353 7853 3454 1 1850 680 503
37235 7872 3458 1 1820 680 514
37111 7885 3514 1 1820 680 506
36980 7891 3552 1 1800 680 504
36855 7895 3554 1 1800 680 511
36741 7895 3560 1 1800 680 499
36653 7892 3568 1 1800 670 511
36564 7884 3573 1 1780 670 504
36476 7859 3578 1 1780 670 501
36396 7827 3585 1 1780 670 502
36304 7791 3587 1 1750 670 492
36209 7747 3588 1 1750 670 473
36100 7700 3604 1 1750 680 464
35974 7643 3610 1 1750 680 455
35852 7559 3632 1 1730 680 445
35770 7470 3633 1 1730 680 470
35720 7371 3637 1 1720 690 459
35657 7298 3637 1 1700 690 461
35610 7217 3639 1 1700 690 461
35578 7122 3641 1 1690 700 450
35558 7006 3643 1 1690 700 456
35549 6888 3648 1 1660 690 460
35549 6768 3656 1 1660 690 453
35553 6643 3658 1 1660 700 455
35581 6522 3666 1 1660 700 454
35611 6402 3669 1 1660 700 456
35643 6288 3670 1 1630 700 454
35682 6173 3680 1 1630 700 455
35702 6068 3682 1 1630 700 461
35736 5978 3685 1 1590 710 462
35796 5899 3687 1 1590 710 468
35876 5822 3695 1 1590 710 467
35970 5739 3707 1 1590 710 467
36048 5666 3714 1 1590 710 474
36135 5606 3716 1 1620 710 477
36229 5553 3739 1 1620 710 479
36322 5502 3759 1 1610 720 486
36421 5425 3772 1 1640 720 494
36532 5353 3780 1 1670 730 489
36643 5304 3781 1 1660 740 491
36754 5273 3789 1 1660 740 479
36864 5250 3790 1 1660 740 476
36976 5238 3793 1 1650 750 467
37085 5239 3797 1 1690 750 445
37200 5240 3801 1 1680 760 460
37315 5270 3802 1 1680 760 466
37420 5313 3803 1 1680 760 463
37540 5365 3807 1 1720 760 460
37661 5455 3812 1 1720 760 458
37760 5523 3818 1 1720 760 462
37861 5594 3826 1 1760 760 440
37946 5690 3827 1 1760 760 395
38006 5795 3829 1 1760 760 435
38053 5898 3840 1 1760 760 404
38088 5977 3846 1 1760 750 426
38114 6058 3860 1 1800 750 426
38153 6146 3881 1 1800 740 431
38186 6235 3884 1 1800 740 427
38213 6330 3885 1 1800 730 425
38234 6426 3888 1 1830 730 414
38250 6523 3888 1 1830 720 436
38263 6615 3895 1 1860 720 429
38283 6708 3910 1 1890 710 444
38302 6796 3926 1 1890 710 442
38312 6878 3942 1 1910 710 453
38315 6964 3964 1 1910 700 446
38316 7039 3997 1 1910 700 454
38303 7110 4010 1 1940 690 453
38284 7184 4013 1 1940 690 466
38259 7250 4017 1 1940 690 445
38228 7315 4026 1 1940 690 459
38191 7379 4030 1 1930 690 453
38150 7440 4035 1 1930 690 449
38115 7506 4039 1 1930 690 459
38072 7578 4043 1 1930 690 436
38020 7646 4043 1 1900 690 458
37961 7704 4051 1 1900 690 449
37894 7754 4058 1 1900 690 477
37825 7806 4058 1 1900 690 483
37749 7846 4066 1 1880 690 472
37663 7875 4072 1 1880 690 472
37562 7898 4076 1 1880 690 481
37445 7918 4088 1 1850 690 488
37313 7931 4113 1 1850 680 499
37165 7943 4144 1 1820 680 497
37045 7947 4148 1 1820 680 493
36936 7946 4156 1 1800 680 503
36825 7944 4162 1 1800 680 497
36717 7944 4176 1 1800 670 494
36612 7928 4184 1 1800 670 506
36520 7909 4187 1 1800 670 500
36434 7884 4194 1 1780 670 495
36328 7849 4194 1 1780 670 481
36216 7812 4201 1 1750 670 486
36108 7760 4202 1 1750 670 484
35998 7686 4208 1 1750 680 487
35911 7628 4211 1 1730 680 480
35836 7561 4214 1 1730 680 477
35777 7488 4220 1 1730 680 470
35715 7386 4230 1 1700 690 466
35652 7301 4231 1 1700 690 465
35615 7222 4231 1 1700 690 454
35589 7137 4239 1 1660 690 451
35572 7042 4246 1 1660 690 455
35558 6933 4248 1 1660 700 451
35553 6825 4250 1 1660 700 459
35552 6715 4250 1 1650 710 456
35556 6608 4252 1 1650 710 455
35583 6505 4253 1 1650 710 453
35615 6394 4256 1 1620 710 446
35653 6279 4257 1 1610 720 442
35697 6164 4260 1 1610 720 443
35728 6058 4262 1 1580 720 442
35779 5965 4262 1 1580 720 448
35852 5872 4298 1 1570 730 453
35945 5769 4314 1 1600 730 455
36044 5673 4358 1 1600 730 462
36163 5587 4358 1 1600 730 460
36283 5519 4358 1 1600 730 462
36419 5471 4360 1 1630 730 467
36532 5376 4361 1 1630 730 459
36649 5314 4362 1 1650 750 466
36761 5279 4369 1 1650 750 461
36859 5262 4369 1 1650 750 461
36956 5254 4370 1 1640 750 465
37059 5256 4380 1 1640 750 457
37165 5261 4381 1 1640 750 477
37284 5296 4386 1 1680 760 461
37397 5362 4422 1 1680 760 472
37514 5466 4445 1 1680 760 454
37637 5524 4446 1 1720 760 451
37750 5597 4456 1 1720 760 440
37855 5679 4461 1 1720 760 428
37950 5768 4474 1 1760 760 433
38026 5872 4479 1 1760 760 431
38077 5954 4479 1 1760 760 389
38115 6034 4480 1 1760 750 414
38140 6122 4481 1 1800 750 398
38164 6199 4483 1 1800 740 414
38190 6283 4484 1 1800 740 403
38214 6372 4488 1 1800 730 409
38230 6468 4492 1 1830 730 402
38242 6570 4497 1 1860 720 396
38257 6671 4505 1 1860 720 401
38274 6772 4515 1 1890 710 417
38291 6872 4516 1 1890 710 409
38300 6960 4532 1 1910 710 411
38303 7034 4575 1 1910 700 411
38306 7096 4603 1 1910 700 418
38291 7149 4621 1 1940 690 426
38267 7203 4625 1 1940 690 428
38231 7262 4625 1 1940 690 418
38185 7316 4631 1 1940 690 420
38128 7373 4632 1 1940 690 418
38068 7442 4636 1 1940 690 400
38010 7521 4636 1 1940 690 413
37945 7588 4641 1 1910 700 410
37871 7642 4646 1 1910 700 415
37789 7687 4673 1 1910 700 424
37692 7721 4712 1 1880 690 440
37592 7749 4763 1 1880 690 440
37482 7771 4813 1 1880 690 452
37367 7787 4817 1 1850 690 459
37258 7795 4818 1 1850 690 454
37144 7803 4826 1 1830 690 461
37040 7809 4827 1 1800 690 455
36937 7820 4833 1 1800 680 458
36833 7822 4833 1 1800 680 460
36732 7818 4836 1 1800 680 454
36633 7792 4836 1 1780 680 460
36539 7763 4837 1 1780 680 445
36461 7738 4840 1 1780 670 458
36391 7704 4840 1 1750 680 466
36317 7661 4840 1 1750 680 456
36248 7613 4845 1 1750 680 453
36176 7559 4846 1 1750 680 452
36101 7502 4849 1 1730 680 441
36016 7437 4850 1 1720 690 430
35943 7364 4851 1 1720 690 431
35875 7291 4852 1 1720 690 428
35812 7229 4852 1 1690 700 426
35764 7165 4853 1 1690 700 414
35710 7094 4854 1 1690 700 423
35658 7021 4855 1 1690 710 426
35625 6942 4860 1 1690 710 415
35600 6866 4867 1 1680 720 410
35580 6791 4868 1 1650 710 405
35565 6707 4875 1 1650 710 397
35563 6630 4878 1 1650 710 405
35563 6544 4878 1 1620 710 395
35586 6456 4879 1 1620 710 392
35619 6366 4879 1 1620 710 401
35646 6263 4885 1 1610 720 395
35681 6164 4887 1 1580 720 406
35725 6073 4887 1 1580 720 406
35759 5994 4889 1 1580 720 411
35806 5916 4890 1 1580 720 414
35864 5832 4896 1 1580 720 413
35930 5755 4898 1 1580 720 418
36004 5683 4905 1 1580 720 428
36083 5609 4912 1 1610 720 430
36179 5527 4913 1 1600 730 444
36270 5398 4917 1 1600 730 455
36404 5293 4934 1 1630 730 465
36541 5228 4959 1 1620 740 464
36633 5195 4972 1 1650 750 460
36724 5179 4979 1 1650 750 479
36824 5171 4981 1 1640 750 468
36929 5171 4992 1 1640 750 468
37042 5174 5009 1 1640 750 463
37156 5182 5033 1 1640 750 465
37254 5209 5040 1 1630 760 469
37359 5253 5051 1 1670 770 456
37495 5315 5059 1 1670 770 433
37641 5410 5103 1 1670 770 422
37755 5525 5107 1 1710 770 442
37841 5575 5107 1 1710 770 432
37923 5627 5112 1 1760 770 430
38001 5681 5121 1 1760 770 433
38057 5733 5123 1 1760 760 430
38106 5788 5126 1 1760 760 420
38150 5846 5131 1 1800 760 414
38182 5926 5136 1 1800 750 426
38224 6012 5141 1 1800 750 406
38267 6116 5145 1 1800 740 398
38303 6228 5152 1 1830 740 392
38334 6331 5153 1 1870 730 407
38366 6442 5184 1 1890 720 435
38389 6547 5189 1 1920 720 438
38404 6636 5218 1 1910 710 415
38413 6714 5223 1 1910 710 467
38416 6788 5225 1 1940 690 446
38420 6867 5234 1 1940 690 463
38416 6951 5235 1 1940 690 461
38405 7035 5237 1 1950 680 452
38392 7119 5238 1 1950 680 461
38377 7196 5240 1 1950 680 450
38358 7264 5252 1 1950 680 450
38325 7333 5254 1 1980 680 453
38266 7422 5256 1 1950 680 437
38196 7512 5261 1 1950 670 449
38114 7575 5270 1 1950 670 444
38020 7634 5277 1 1920 680 451
37908 7696 5376 1 1920 680 447
37772 7747 5429 1 1920 680 457
37636 7779 5432 1 1900 680 455
37508 7803 5435 1 1900 680 466
37387 7819 5436 1 1870 680 458
37264 7828 5438 1 1870 680 472
37136 7828 5440 1 1850 680 472
36997 7826 5454 1 1820 680 478
36863 7830 5475 1 1820 680 481
36725 7830 5483 1 1800 680 471
36588 7817 5485 1 1800 680 470
36465 7797 5494 1 1800 680 490
36345 7767 5500 1 1800 670 482
36229 7729 5504 1 1780 670 471
36117 7689 5512 1 1780 680 451
35987 7640 5517 1 1750 680 453
35877 7579 5522 1 1750 680 454
35788 7518 5524 1 1730 680 458
35689 7457 5525 1 1730 680 444
35609 7385 5533 1 1700 690 437
35547 7317 5542 1 1700 690 427
35500 7259 5543 1 1670 690 429
35472 7194 5548 1 1660 690 433
35456 7106 5550 1 1660 690 432
35447 7012 5554 1 1630 700 422
35443 6903 5555 1 1630 700 428
35444 6783 5558 1 1630 700 433
35450 6672 5558 1 1600 700 430
35470 6578 5563 1 1600 700 435
35504 6472 5564 1 1600 700 428
35553 6361 5569 1 1580 700 424
35624 6249 5579 1 1570 710 421
35733 6136 5589 1 1570 710 431
35804 6039 5591 1 1570 710 423
35901 5952 5592 1 1570 710 421
35983 5869 5597 1 1570 710 429
36084 5783 5603 1 1570 710 435
36173 5695 5615 1 1590 710 437
36262 5626 5615 1 1590 710 450
36383 5563 5621 1 1590 710 447
36524 5508 5645 1 1620 710 455
36652 5424 5646 1 1640 720 453
36764 5366 5647 1 1640 720 459
36872 5335 5657 1 1640 720 461
36978 5326 5659 1 1630 730 460
37086 5334 5664 1 1630 730 458
37199 5355 5670 1 1620 740 446
37311 5426 5670 1 1650 750 449
37424 5543 5671 1 1650 750 444
37538 5606 5674 1 1650 750 439
37663 5679 5675 1 1690 750 434
37767 5761 5680 1 1690 750 427
37855 5848 5687 1 1730 750 411
37923 5937 5702 1 1730 740 399
37970 6027 5714 1 1730 740 396
38007 6115 5719 1 1770 740 403
38036 6205 5741 1 1770 740 406
38059 6316 5748 1 1770 730 401
38086 6426 5782 1 1770 730 409
38114 6525 5787 1 1800 720 417
38142 6628 5808 1 1800 720 414
38168 6737 5815 1 1800 710 394
38189 6844 5834 1 1830 710 402
38206 6948 5842 1 1850 700 399
38221 7039 5871 1 1850 700 395
38223 7109 5889 1 1850 700 403
38226 7181 5889 1 1880 700 377
38211 7247 5914 1 1880 690 380
38168 7341 5917 1 1880 690 375
38112 7424 5924 1 1900 690 389
38052 7485 5959 1 1900 690 389
37989 7540 5992 1 1900 690 391
37919 7590 5995 1 1880 690 397
37845 7626 5999 1 1870 680 377
37757 7657 6000 1 1870 680 383
37660 7682 6001 1 1870 680 379
37565 7702 6003 1 1850 680 398
37466 7715 6006 1 1850 690 374
37365 7721 6007 1 1850 690 387
37253 7721 6007 1 1830 690 394
37136 7720 6010 1 1800 690 401
37014 7720 6015 1 1800 680 394
36898 7721 6018 1 1800 680 388
36789 7723 6019 1 1800 680 380
36691 7719 6022 1 1780 680 408
36601 7708 6022 1 1780 680 406
36515 7688 6027 1 1780 680 414
36428 7663 6029 1 1750 680 402
36336 7626 6031 1 1750 680 409
36243 7577 6032 1 1750 680 377
36152 7522 6032 1 1750 680 398
36063 7459 6032 1 1730 680 408
35970 7384 6033 1 1720 690 392
35890 7305 6044 1 1720 690 380
35820 7239 6046 1 1700 690 373
35764 7168 6050 1 1690 700 381
35692 7088 6054 1 1690 700 379
35662 6991 6060 1 1660 690 384
35648 6894 6062 1 1660 700 380
35650 6792 6063 1 1660 700 379
35653 6685 6064 1 1660 700 371
35687 6567 6065 1 1660 700 372
35765 6437 6066 1 1630 700 388
35817 6300 6072 1 1630 700 374
35883 6172 6073 1 1630 700 387
35961 6052 6078 1 1590 710 396
36032 5935 6082 1 1590 710 401
36107 5819 6086 1 1590 710 415
36180 5720 6088 1 1590 710 420
36245 5625 6091 1 1610 720 427
36317 5494 6094 1 1610 720 430
36419 5383 6094 1 1610 720 437
36522 5303 6116 1 1640 720 435
36617 5263 6117 1 1640 720 449
36721 5241 6127 1 1640 720 439
36823 5231 6145 1 1630 730 449
36920 5234 6155 1 1630 730 447
37042 5238 6171 1 1630 730 433
37148 5245 6172 1 1620 740 445
37261 5290 6190 1 1650 750 411
37370 5361 6198 1 1650 750 418
37466 5456 6207 1 1650 750 437
37585 5566 6214 1 1690 750 435
37700 5650 6215 1 1690 750 413
37811 5718 6216 1 1690 750 393
37901 5817 6216 1 1730 750 413
37977 5915 6222 1 1730 750 387
38039 5997 6226 1 1730 750 377
38082 6097 6243 1 1770 740 352
38144 6206 6257 1 1770 740 321
38206 6317 6312 1 1800 730 342
38249 6427 6320 1 1800 730 358
38278 6535 6325 1 1800 720 364
38299 6662 6364 1 1830 720 371
38320 6794 6367 1 1860 720 360
38331 6917 6402 1 1860 710 384
38335 7025 6405 1 1890 710 375
38322 7128 6420 1 1890 710 373
38293 7212 6428 1 1910 700 374
38256 7306 6440 1 1910 700 376
38209 7406 6505 1 1910 700 383
38141 7489 6506 1 1940 690 379
38062 7575 6514 1 1930 690 392
37982 7649 6520 1 1900 690 381
37886 7705 6522 1 1900 690 391
37761 7749 6525 1 1900 690 413
37622 7782 6525 1 1870 680 381
37514 7805 6534 1 1870 680 408
37402 7819 6536 1 1870 680 409
37280 7825 6537 1 1850 680 400
37144 7825 6546 1 1820 680 396
37002 7826 6554 1 1800 680 421
36871 7827 6554 1 1800 680 406
36752 7825 6555 1 1800 680 401
36648 7821 6558 1 1800 670 397
36543 7811 6565 1 1780 670 394
36438 7791 6570 1 1780 670 404
36324 7752 6571 1 1750 670 408
36213 7706 6578 1 1750 670 411
36118 7662 6579 1 1730 670 395
36025 7617 6581 1 1730 670 404
35933 7559 6588 1 1710 670 394
35853 7483 6589 1 1700 680 397
35785 7393 6590 1 1700 680 401
35691 7298 6591 1 1680 680 402
35628 7211 6595 1 1670 690 409
35580 7126 6597 1 1670 690 399
35555 7045 6599 1 1650 680 402
35540 6955 6601 1 1640 690 412
35533 6865 6613 1 1640 690 410
35535 6774 6619 1 1640 690 411
35540 6674 6636 1 1610 690 419
35567 6576 6647 1 1610 690 412
35603 6466 6661 1 1600 700 418
35647 6334 6669 1 1600 700 415
35726 6198 6671 1 1580 700 410
35793 6070 6677 1 1580 700 421
35874 5958 6682 1 1570 710 419
35970 5863 6692 1 1570 710 425
36076 5779 6696 1 1570 710 435
36165 5696 6698 1 1570 710 438
36267 5544 6709 1 1590 710 450
36400 5438 6715 1 1590 710 448
36528 5378 6730 1 1590 710 452
36650 5343 6734 1 1620 710 453
36752 5324 6735 1 1640 720 450
36853 5313 6737 1 1640 720 450
36960 5308 6747 1 1640 720 451
37067 5318 6751 1 1630 730 442
37174 5358 6752 1 1630 730 440
37291 5422 6763 1 1660 740 437
37408 5493 6764 1 1660 740 403
37513 5595 6781 1 1660 740 422
37610 5696 6781 1 1700 740 418
37695 5746 6786 1 1700 740 415
37768 5816 6816 1 1730 740 393
37830 5893 6817 1 1730 740 388
37886 5991 6818 1 1730 740 399
37933 6090 6823 1 1730 740 345
37968 6176 6830 1 1730 730 387
38001 6276 6831 1 1770 730 381
38045 6403 6853 1 1770 720 363
38095 6550 6854 1 1800 720 373
38128 6697 6859 1 1800 710 384
38163 6818 6877 1 1800 710 378
38181 6913 6880 1 1800 710 402
38189 6995 6905 1 1830 700 396
38193 7065 6927 1 1830 700 397
38196 7126 6947 1 1850 700 386
38199 7192 6953 1 1850 700 369
38177 7255 6980 1 1850 700 372
38135 7337 6985 1 1880 700 369
38073 7412 6985 1 1880 690 354
38005 7494 6990 1 1880 690 370
37934 7566 6991 1 1880 690 374
37857 7622 6994 1 1880 690 364
37772 7666 7000 1 1880 690 387
37678 7705 7000 1 1880 690 377
37600 7738 7004 1 1850 690 381
37523 7763 7009 1 1850 680 389
37433 7780 7011 1 1850 680 390
37329 7797 7015 1 1820 680 375
37204 7811 7016 1 1800 680 387
37065 7821 7022 1 1800 680 379
36922 7827 7041 1 1800 680 393
36783 7828 7045 1 1800 670 379
36648 7826 7054 1 1780 670 393
36534 7809 7055 1 1780 670 401
36425 7780 7059 1 1750 670 404
36318 7737 7062 1 1750 670 408
36221 7696 7063 1 1730 670 400
36129 7653 7064 1 1730 670 394
36021 7602 7070 1 1710 670 396
35917 7537 7074 1 1710 670 387
35835 7463 7074 1 1680 680 396
35741 7391 7075 1 1680 680 393
35658 7336 7086 1 1680 680 389
35599 7281 7094 1 1650 670 389
35555 7212 7095 1 1650 680 386
35525 7136 7103 1 1650 680 384
35506 7056 7103 1 1620 680 389
35496 6970 7105 1 1610 690 395
35493 6874 7106 1 1610 690 405
35492 6779 7106 1 1610 690 394
35492 6705 7106 1 1590 690 392
35494 6635 7107 1 1590 690 389
35505 6566 7112 1 1590 690 389
35530 6490 7114 1 1560 680 394
35571 6403 7115 1 1560 680 395
35636 6306 7121 1 1550 690 400
35733 6183 7127 1 1550 690 402
35809 6092 7135 1 1550 690 398
35869 6011 7136 1 1550 690 407
35942 5936 7139 1 1550 690 416
36021 5876 7144 1 1550 690 419
36112 5812 7149 1 1580 700 424
36202 5718 7150 1 1580 700 433
36309 5591 7156 1 1580 700 431
36429 5488 7157 1 1590 710 436
36559 5420 7181 1 1590 710 435
36679 5381 7197 1 1590 710 432
36784 5349 7215 1 1610 720 432
36892 5336 7218 1 1610 720 425
36978 5329 7230 1 1610 720 422
37066 5330 7253 1 1600 730 421
37171 5333 7257 1 1600 730 424
37260 5345 7275 1 1600 730 424
37345 5379 7278 1 1630 730 408
37434 5433 7279 1 1630 730 398
37520 5499 7288 1 1630 730 402
37598 5584 7288 1 1660 740 402
37664 5678 7304 1 1660 740 402
37731 5774 7331 1 1660 740 400
37787 5816 7335 1 1660 740 386
37842 5871 7345 1 1700 740 387
37899 5934 7365 1 1700 740 395
37969 6009 7369 1 1700 740 391
38022 6102 7387 1 1730 730 375
38065 6210 7412 1 1730 730 382
38101 6317 7416 1 1770 730 374
38139 6424 7417 1 1800 720 377
38181 6528 7425 1 1800 720 380
38212 6630 7428 1 1800 710 390
38231 6729 7431 1 1830 710 397
38239 6818 7434 1 1830 700 415
38240 6899 7465 1 1850 700 413
38238 6968 7466 1 1850 700 405
38234 7022 7477 1 1850 690 411
38225 7074 7506 1 1880 690 417
38214 7137 7516 1 1880 690 403
38202 7207 7533 1 1880 690 412
38188 7276 7564 1 1880 690 403
38159 7324 7564 1 1900 690 384
38110 7379 7564 1 1900 690 410
38043 7442 7566 1 1900 680 397
37987 7496 7567 1 1900 680 407
37917 7551 7572 1 1870 680 405
37838 7601 7575 1 1870 680 419
37738 7645 7576 1 1870 680 416
37647 7680 7584 1 1850 680 413
37550 7713 7603 1 1850 680 423
37447 7738 7604 1 1850 680 431
37350 7752 7607 1 1820 680 436
37261 7762 7620 1 1820 680 436
37175 7767 7629 1 1800 680 435
37094 7773 7630 1 1800 680 430
37015 7775 7633 1 1800 680 444
36939 7775 7633 1 1780 680 446
36855 7769 7640 1 1780 670 444
36758 7752 7642 1 1750 670 447
36654 7733 7642 1 1750 670 430
36553 7710 7644 1 1730 670 437
36460 7685 7646 1 1730 670 430
36363 7647 7653 1 1730 670 436
36266 7600 7656 1 1700 680 418
36177 7549 7658 1 1700 680 438
36093 7493 7660 1 1700 680 430
36012 7430 7660 1 1680 680 430
35946 7360 7662 1 1680 680 432
35884 7295 7664 1 1670 690 434
35823 7214 7666 1 1670 690 432
35750 7125 7669 1 1650 680 426
35681 7015 7669 1 1640 690 426
35646 6907 7670 1 1640 690 432
35634 6806 7673 1 1630 700 424
35637 6698 7674 1 1630 700 419
35644 6621 7675 1 1630 700 422
35648 6552 7679 1 1600 700 419
35675 6470 7680 1 1600 700 424
35736 6363 7683 1 1600 700 422
35790 6253 7686 1 1580 700 440
35824 6165 7688 1 1570 710 444
35874 6083 7689 1 1570 710 443
35938 6008 7689 1 1570 710 450
36016 5855 7690 1 1570 710 449
36114 5708 7690 1 1570 710 453
36198 5587 7693 1 1570 710 464
36292 5491 7694 1 1590 710 474
36429 5419 7701 1 1590 710 476
36588 5354 7702 1 1590 710 477
36753 5308 7704 1 1580 720 487
36893 5284 7704 1 1580 720 480
37053 5270 7707 1 1580 720 458
37217 5273 7707 1 1600 730 447
37315 5287 7710 1 1600 730 424
37370 5305 7710 1 1590 740 439
37422 5331 7714 1 1590 740 441
37475 5362 7718 1 1620 740 451
37526 5404 7721 1 1620 740 451
37576 5472 7724 1 1620 740 427
37650 5582 7734 1 1650 750 426
37739 5725 7735 1 1650 750 428
37803 5882 7747 1 1650 750 413
37842 6000 7755 1 1690 750 392
37881 6127 7760 1 1700 740 378
37949 6275 7763 1 1700 740 387
38006 6407 7769 1 1730 730 379
38053 6512 7790 1 1730 730 417
38101 6610 7793 1 1770 720 415
38135 6715 7795 1 1800 720 408
38162 6817 7800 1 1800 710 408
38185 6915 7807 1 1800 700 406
38192 7001 7835 1 1830 700 420
38195 7077 7853 1 1830 700 423
38200 7138 7875 1 1830 690 406
38198 7210 7879 1 1850 690 406
38179 7280 7927 1 1850 690 403
38139 7339 7929 1 1850 690 414
38086 7398 7954 1 1880 690 412
38020 7460 7983 1 1880 690 412
37971 7528 7991 1 1870 680 421
37922 7592 8009 1 1870 680 411
37865 7654 8010 1 1870 680 411
37797 7707 8030 1 1850 680 418
37733 7753 8031 1 1850 680 408
37666 7792 8039 1 1850 680 421
37596 7824 8050 1 1820 680 431
37523 7848 8054 1 1820 680 433
37441 7865 8060 1 1820 680 435
37343 7882 8066 1 1800 680 434
37227 7895 8067 1 1800 680 445
37108 7905 8070 1 1800 680 454
36999 7911 8072 1 1800 670 463
36904 7912 8075 1 1780 670 465
36801 7912 8076 1 1780 670 457
36700 7903 8082 1 1750 670 452
36603 7888 8089 1 1750 670 460
36510 7866 8097 1 1750 670 456
36419 7840 8103 1 1730 670 439
36311 7805 8109 1 1730 670 439
36212 7768 8110 1 1730 670 433
36117 7721 8114 1 1710 670 437
36004 7662 8115 1 1710 670 434
35909 7592 8123 1 1710 670 422
35799 7495 8125 1 1680 680 429
35679 7393 8126 1 1680 680 421
35596 7331 8128 1 1680 680 413
35539 7242 8129 1 1650 680 400
35504 7140 8129 1 1650 680 402
35482 7043 8137 1 1650 680 411
35475 6966 8138 1 1640 690 416
35477 6883 8138 1 1610 690 409
35478 6806 8139 1 1610 690 413
35489 6715 8139 1 1600 700 404
35504 6636 8140 1 1580 700 389
35533 6561 8140 1 1580 700 403
35594 6470 8141 1 1580 700 413
35698 6355 8142 1 1550 690 428
35796 6246 8143 1 1540 700 421
35875 6063 8143 1 1540 700 431
35981 5899 8145 1 1540 700 444
36099 5766 8148 1 1570 710 448
36198 5665 8149 1 1570 710 456
36307 5586 8152 1 1570 710 464
36423 5516 8152 1 1590 710 461
36542 5490 8153 1 1590 710 468
36672 5462 8156 1 1590 710 474
36804 5435 8157 1 1590 710 471
36931 5411 8161 1 1580 720 468
37047 5403 8168 1 1580 720 470
37145 5394 8177 1 1610 720 470
37236 5396 8178 1 1610 720 478
37328 5398 8187 1 1610 720 477
37423 5417 8188 1 1640 720 473
37495 5462 8199 1 1640 720 473
37557 5525 8199 1 1640 720 454
37628 5613 8214 1 1670 730 446
37693 5728 8224 1 1670 730 448
37750 5870 8226 1 1670 730 444
37787 5987 8228 1 1670 730 452
37813 6088 8230 1 1700 730 464
37865 6207 8232 1 1700 730 451
37930 6344 8234 1 1700 730 457
37982 6511 8236 1 1740 720 479
38000 6653 8236 1 1770 720 480
38006 6784 8264 1 1770 710 482
38010 6894 8290 1 1800 710 487
37995 6980 8310 1 1800 710 481
37983 7053 8325 1 1800 700 449
37977 7103 8334 1 1800 700 414
37974 7145 8340 1 1800 700 273
