38056 7885 437 1 1900 640 60
38060 7861 439 1 1910 650 87
38063 7860 441 1 1910 650 120
38065 7859 442 1 1910 650 145
38067 7859 444 1 1910 650 167
38069 7858 447 1 1910 650 207
38071 7858 449 1 1910 650 248
38074 7857 449 1 1910 650 292
38076 7857 451 1 1910 660 330
38077 7857 453 1 1910 660 358
38078 7859 454 1 1910 660 395
38078 7867 456 1 1910 660 415
38078 7881 457 1 1910 660 426
38078 7898 463 1 1910 660 429
38077 7920 465 1 1910 660 430
38076 7940 473 1 1910 660 452
38075 7957 476 1 1910 660 464
38075 7971 483 1 1910 660 480
38074 7982 488 1 1910 660 494
38070 7999 493 1 1910 660 486
38065 8018 500 1 1910 660 481
38060 8037 503 1 1910 660 493
38054 8055 514 1 1910 660 499
38047 8074 515 1 1930 650 510
38039 8092 524 1 1930 650 506
38029 8113 528 1 1910 660 503
38019 8133 536 1 1910 660 517
38007 8156 542 1 1910 660 521
37991 8184 548 1 1910 660 526
37975 8215 556 1 1910 660 529
37957 8253 561 1 1910 660 518
37938 8291 568 1 1910 660 536
37917 8326 574 1 1910 660 553
37890 8358 577 1 1910 660 548
37861 8389 588 1 1910 660 551
37831 8417 591 1 1910 660 550
37804 8444 599 1 1910 660 550
37783 8471 605 1 1890 660 547
37764 8497 611 1 1890 650 545
37741 8523 615 1 1890 650 547
37714 8551 624 1 1890 650 546
37687 8579 627 1 1890 650 542
37654 8609 628 1 1890 650 550
37618 8638 628 1 1890 650 535
37579 8667 629 1 1890 650 544
37533 8695 629 1 1860 650 536
37489 8722 629 1 1860 650 537
37444 8753 630 1 1860 650 544
37399 8782 631 1 1860 650 543
37355 8811 633 1 1860 650 539
37307 8840 634 1 1860 650 549
37257 8868 637 1 1860 650 543
37208 8898 640 1 1840 650 537
37149 8927 643 1 1840 650 539
37093 8960 643 1 1840 660 536
37040 8999 648 1 1840 660 539
36985 9035 652 1 1820 660 547
36932 9073 660 1 1820 670 541
36875 9108 662 1 1820 670 535
36819 9139 669 1 1820 670 531
36766 9165 676 1 1800 670 538
36715 9184 676 1 1800 680 528
36666 9203 684 1 1800 680 528
36617 9220 691 1 1800 680 534
36565 9236 693 1 1800 690 530
36509 9250 699 1 1800 690 521
36448 9261 705 1 1800 690 527
36385 9272 709 1 1800 690 516
36316 9284 711 1 1800 690 523
36243 9295 722 1 1800 690 515
36171 9307 726 1 1800 690 516
36098 9317 735 1 1800 690 522
36028 9324 745 1 1800 690 521
35963 9332 749 1 1800 690 520
35891 9338 764 1 1800 690 524
35820 9341 775 1 1800 690 520
35756 9343 779 1 1800 690 525
35689 9344 791 1 1800 690 530
35627 9346 802 1 1800 690 526
35568 9346 805 1 1800 690 535
35506 9347 818 1 1800 690 540
35446 9346 820 1 1800 690 534
35381 9345 826 1 1800 690 540
35309 9343 828 1 1800 690 544
35235 9340 831 1 1800 690 547
35160 9335 832 1 1800 690 547
35089 9329 833 1 1800 690 542
35023 9318 833 1 1770 700 556
34965 9307 836 1 1770 700 552
34913 9294 838 1 1770 700 552
34864 9280 842 1 1750 700 558
34817 9263 844 1 1750 700 556
34775 9240 845 1 1750 700 570
34719 9210 847 1 1740 710 571
34662 9167 849 1 1710 710 564
34609 9118 850 1 1710 710 582
34557 9067 855 1 1710 710 583
34502 9002 856 1 1710 710 579
34459 8948 857 1 1710 710 592
34421 8893 862 1 1710 710 586
34370 8835 863 1 1740 710 597
34317 8793 867 1 1740 710 600
34270 8751 868 1 1740 710 593
34229 8706 869 1 1740 710 608
34193 8659 873 1 1770 710 604
34157 8597 875 1 1770 700 604
34124 8533 876 1 1770 700 615
34094 8460 877 1 1770 700 612
34064 8385 880 1 1800 700 615
34041 8309 881 1 1800 700 618
34009 8223 883 1 1800 690 610
33967 8157 883 1 1800 690 621
33929 8085 886 1 1800 690 622
33901 8010 888 1 1780 680 617
33879 7933 888 1 1780 680 626
33861 7848 890 1 1780 680 617
33848 7766 892 1 1780 680 633
33836 7678 893 1 1770 690 636
33827 7588 895 1 1770 690 629
33826 7493 897 1 1770 690 641
33826 7393 898 1 1770 700 637
33827 7288 899 1 1770 700 637
33829 7187 901 1 1770 700 641
33831 7087 925 1 1770 710 637
33838 6974 942 1 1770 710 639
33854 6861 953 1 1770 710 647
33875 6752 964 1 1770 720 639
33906 6644 972 1 1770 720 646
33948 6543 980 1 1770 720 638
33987 6442 993 1 1770 720 635
34021 6341 1012 1 1770 720 642
34057 6244 1033 1 1770 720 635
34102 6149 1054 1 1770 720 636
34157 6054 1080 1 1800 720 636
34211 5961 1100 1 1800 720 632
34274 5867 1119 1 1800 710 639
34329 5778 1145 1 1800 710 638
34386 5698 1173 1 1800 710 644
34453 5620 1201 1 1800 710 642
34533 5551 1230 1 1800 710 634
34625 5481 1232 1 1800 710 637
34717 5401 1251 1 1800 710 633
34811 5333 1274 1 1800 710 620
34913 5273 1307 1 1800 720 631
35007 5220 1333 1 1800 720 631
35087 5132 1353 1 1800 720 635
35172 5029 1364 1 1800 730 636
35261 4946 1378 1 1800 730 633
35352 4878 1390 1 1800 730 637
35442 4825 1400 1 1800 740 637
35525 4790 1418 1 1800 740 627
35607 4763 1435 1 1770 740 641
35696 4742 1450 1 1760 750 634
35784 4722 1466 1 1760 750 642
35880 4705 1480 1 1760 750 641
35979 4692 1507 1 1760 750 636
36070 4685 1530 1 1760 750 647
36160 4678 1554 1 1800 750 640
36243 4675 1583 1 1800 750 636
36318 4675 1611 1 1800 750 646
36390 4677 1626 1 1840 750 634
36459 4683 1628 1 1840 750 637
36528 4689 1630 1 1870 750 630
36593 4703 1630 1 1870 750 627
36657 4726 1630 1 1910 750 639
36721 4756 1632 1 1870 750 633
36798 4786 1653 1 1870 750 627
36882 4822 1693 1 1870 750 646
36961 4867 1730 1 1870 750 641
37037 4917 1766 1 1870 750 637
37105 4974 1778 1 1840 750 636
37162 5041 1780 1 1840 750 637
37216 5117 1781 1 1840 750 627
37269 5202 1781 1 1800 750 632
37323 5247 1781 1 1800 750 625
37381 5293 1782 1 1800 750 626
37435 5333 1782 1 1800 750 621
37495 5364 1789 1 1800 750 629
37557 5394 1793 1 1800 750 633
37613 5422 1794 1 1800 750 625
37670 5446 1800 1 1800 750 632
37726 5466 1804 1 1800 750 637
37773 5487 1810 1 1800 750 631
37817 5506 1812 1 1840 750 642
37858 5529 1821 1 1830 740 637
37893 5557 1824 1 1830 740 631
37928 5585 1828 1 1870 740 637
37961 5616 1838 1 1870 740 626
37993 5647 1847 1 1870 730 637
38023 5680 1847 1 1900 730 635
38049 5715 1858 1 1900 730 626
38073 5747 1863 1 1890 720 637
38095 5779 1867 1 1890 720 630
38116 5812 1872 1 1890 720 640
38137 5848 1872 1 1890 720 646
38155 5886 1873 1 1910 710 635
38170 5925 1877 1 1910 710 638
38181 5970 1888 1 1910 710 640
38190 6016 1899 1 1910 710 638
38196 6064 1908 1 1940 700 644
38202 6110 1916 1 1940 700 633
38206 6159 1928 1 1940 690 643
38210 6209 1940 1 1940 690 636
38213 6258 1950 1 1940 690 623
38214 6309 1958 1 1940 690 640
38215 6359 1966 1 1940 690 636
38216 6410 1974 1 1940 690 642
38217 6459 1981 1 1950 680 646
38217 6507 1987 1 1950 680 640
38217 6554 1994 1 1950 680 650
38218 6600 2001 1 1950 680 644
38218 6643 2007 1 1950 680 636
38219 6686 2014 1 1950 680 653
38219 6730 2022 1 1950 680 650
38220 6774 2030 1 1950 680 638
38220 6826 2039 1 1950 680 650
38218 6884 2044 1 1960 690 645
38213 6942 2044 1 1960 690 646
38206 6996 2046 1 1960 690 664
38199 7044 2046 1 1970 700 652
38196 7088 2046 1 1970 700 658
38191 7135 2048 1 1970 700 654
38187 7188 2052 1 1970 700 648
38183 7241 2056 1 1980 710 644
38177 7292 2061 1 1980 710 648
38172 7345 2066 1 1980 710 653
38166 7394 2073 1 1980 710 645
38159 7440 2084 1 1980 710 636
38153 7482 2094 1 1980 710 658
38144 7519 2103 1 1980 710 653
38139 7548 2112 1 1980 710 640
38133 7579 2121 1 1980 710 653
38125 7613 2130 1 1980 710 634
38118 7644 2139 1 1980 710 639
38111 7673 2148 1 1970 700 654
38105 7697 2155 1 1970 700 636
38101 7721 2165 1 1970 700 641
38094 7745 2172 1 1970 700 635
38087 7768 2179 1 1970 700 639
38077 7790 2183 1 1960 690 640
38068 7805 2187 1 1960 690 641
38061 7822 2193 1 1960 690 649
38054 7840 2199 1 1960 690 633
38048 7857 2206 1 1960 690 627
38043 7873 2214 1 1960 690 643
38040 7887 2221 1 1960 690 636
38038 7900 2230 1 1960 690 631
38035 7914 2238 1 1960 690 631
38034 7928 2247 1 1960 690 627
38031 7939 2254 1 1960 690 631
38026 7949 2260 1 1960 690 634
38019 7958 2264 1 1960 690 631
38009 7970 2268 1 1940 690 632
37996 7983 2270 1 1940 690 621
37984 7997 2275 1 1940 690 626
37975 8012 2285 1 1940 690 624
37968 8026 2294 1 1940 690 611
37960 8039 2305 1 1940 690 620
37949 8062 2310 1 1940 690 620
37935 8090 2312 1 1940 690 609
37917 8121 2313 1 1930 690 612
37899 8154 2315 1 1930 690 611
37881 8190 2316 1 1930 690 617
37864 8227 2318 1 1930 690 609
37848 8262 2320 1 1930 690 599
37830 8294 2321 1 1930 690 618
37812 8321 2322 1 1930 690 605
37796 8345 2323 1 1900 690 601
37781 8369 2324 1 1900 690 604
37767 8391 2324 1 1900 690 592
37753 8409 2325 1 1900 690 607
37738 8422 2326 1 1900 680 611
37720 8433 2326 1 1900 680 602
37698 8445 2327 1 1900 680 603
37676 8460 2329 1 1900 680 608
37650 8479 2329 1 1900 680 608
37624 8497 2330 1 1900 680 608
37595 8518 2331 1 1900 680 608
37564 8541 2331 1 1900 680 610
37535 8567 2332 1 1900 680 608
37504 8598 2333 1 1900 680 608
37473 8630 2333 1 1900 680 601
37444 8659 2334 1 1900 680 606
37417 8684 2335 1 1900 680 615
37387 8705 2338 1 1870 670 600
37355 8723 2342 1 1870 670 601
37317 8742 2346 1 1870 670 598
37279 8761 2350 1 1870 670 602
37241 8779 2355 1 1870 670 599
37201 8798 2358 1 1870 670 601
37160 8826 2360 1 1870 670 596
37127 8854 2360 1 1870 670 601
37100 8880 2361 1 1870 670 599
37076 8903 2361 1 1870 680 600
37051 8926 2362 1 1870 680 607
37026 8952 2362 1 1850 680 596
36999 8977 2363 1 1850 680 585
36966 9001 2364 1 1850 690 596
36932 9023 2364 1 1850 690 594
36893 9041 2365 1 1850 690 591
36849 9059 2365 1 1850 700 593
36803 9083 2368 1 1850 700 585
36754 9107 2377 1 1850 700 585
36708 9127 2385 1 1860 710 590
36662 9143 2395 1 1860 710 586
36614 9157 2407 1 1860 710 594
36568 9167 2421 1 1890 720 590
36521 9179 2433 1 1890 720 580
36472 9194 2445 1 1890 720 592
36425 9208 2456 1 1890 720 586
36380 9223 2468 1 1900 730 587
36332 9237 2479 1 1930 730 597
36284 9250 2492 1 1930 730 590
36235 9262 2504 1 1930 730 589
36180 9272 2517 1 1930 730 597
36123 9280 2529 1 1960 720 597
36065 9286 2542 1 1960 720 599
36008 9291 2555 1 1960 720 598
35950 9298 2567 1 1950 710 599
35896 9305 2580 1 1920 720 592
35841 9311 2592 1 1920 720 596
35788 9314 2604 1 1920 720 603
35738 9315 2615 1 1890 720 599
35683 9315 2619 1 1890 720 603
35629 9316 2620 1 1890 720 606
35573 9318 2621 1 1860 720 604
35512 9318 2621 1 1860 720 608
35454 9319 2621 1 1860 720 609
35396 9319 2623 1 1830 720 602
35337 9319 2624 1 1830 720 611
35286 9318 2626 1 1830 720 613
35236 9318 2627 1 1800 720 612
35185 9316 2627 1 1800 720 616
35136 9313 2628 1 1800 720 612
35085 9308 2630 1 1800 720 614
35037 9301 2632 1 1800 720 617
34992 9292 2633 1 1800 720 613
34949 9282 2635 1 1800 720 621
34907 9275 2637 1 1800 720 620
34871 9266 2640 1 1800 730 624
34837 9251 2643 1 1770 730 634
34806 9233 2648 1 1770 730 636
34764 9212 2651 1 1770 730 648
34701 9185 2658 1 1770 730 645
34638 9153 2663 1 1730 730 644
34579 9119 2666 1 1730 730 658
34514 9081 2670 1 1730 730 649
34454 9043 2674 1 1770 730 652
34398 9005 2677 1 1770 740 654
34339 8958 2684 1 1770 740 647
34286 8913 2693 1 1800 740 658
34234 8861 2701 1 1800 740 656
34194 8812 2718 1 1800 730 657
34161 8762 2742 1 1800 730 665
34135 8703 2769 1 1800 730 663
34115 8650 2788 1 1800 720 668
34092 8604 2804 1 1800 720 664
34071 8550 2808 1 1830 720 660
34053 8494 2809 1 1830 720 673
34039 8449 2809 1 1830 710 668
34030 8403 2809 1 1830 710 662
34024 8356 2810 1 1860 710 666
34017 8304 2813 1 1850 700 666
34010 8249 2813 1 1850 700 668
33993 8191 2818 1 1850 700 669
33981 8128 2819 1 1850 700 664
33967 8065 2822 1 1850 690 673
33952 8000 2823 1 1850 690 671
33940 7935 2826 1 1850 700 668
33933 7871 2832 1 1850 700 672
33924 7812 2833 1 1830 700 669
33920 7750 2841 1 1830 700 671
33915 7692 2851 1 1830 700 669
33910 7634 2861 1 1830 700 663
33906 7570 2873 1 1830 700 667
33903 7506 2877 1 1830 710 669
33901 7435 2882 1 1830 710 665
33902 7363 2887 1 1830 710 669
33904 7291 2892 1 1830 720 663
33905 7219 2898 1 1830 720 667
33910 7141 2902 1 1830 720 668
33924 7063 2909 1 1830 720 667
33945 6980 2916 1 1830 730 668
33971 6895 2924 1 1830 730 665
34005 6819 2932 1 1830 730 668
34035 6737 2942 1 1870 730 669
34053 6667 2954 1 1870 730 664
34073 6601 2968 1 1870 730 670
34092 6534 2980 1 1870 730 667
34111 6472 2993 1 1870 730 662
34131 6409 3005 1 1870 730 666
34154 6350 3019 1 1870 730 665
34180 6288 3032 1 1860 720 662
34210 6228 3048 1 1860 720 669
34245 6169 3063 1 1860 720 664
34281 6109 3080 1 1860 720 667
34317 6050 3095 1 1860 720 669
34360 5993 3113 1 1860 720 665
34408 5939 3132 1 1890 710 672
34460 5886 3160 1 1890 710 666
34516 5838 3187 1 1890 710 664
34570 5790 3201 1 1890 710 663
34613 5735 3202 1 1890 710 651
34657 5682 3203 1 1890 710 658
34706 5631 3204 1 1890 710 662
34764 5582 3206 1 1890 710 654
34827 5528 3208 1 1860 720 663
34885 5477 3209 1 1860 720 655
34938 5425 3209 1 1830 720 657
34980 5375 3211 1 1830 720 663
35025 5324 3213 1 1800 720 656
35070 5281 3213 1 1800 720 660
35114 5240 3213 1 1800 730 658
35163 5200 3214 1 1800 730 652
35208 5169 3215 1 1800 730 659
35259 5138 3216 1 1770 730 655
35308 5079 3216 1 1770 740 652
35361 5029 3216 1 1770 740 658
35417 4980 3216 1 1730 740 653
35470 4933 3218 1 1730 740 660
35526 4894 3219 1 1730 750 660
35583 4861 3222 1 1730 750 654
35641 4835 3223 1 1730 750 659
35697 4815 3224 1 1760 750 655
35755 4798 3225 1 1760 760 655
35812 4785 3227 1 1800 760 666
35868 4773 3229 1 1800 760 662
35927 4763 3232 1 1800 760 667
35988 4757 3233 1 1800 760 668
36046 4751 3235 1 1800 760 663
36106 4742 3236 1 1800 760 665
36163 4734 3240 1 1840 760 665
36226 4730 3241 1 1840 760 656
36287 4726 3242 1 1880 760 659
36351 4729 3244 1 1880 760 657
36418 4732 3248 1 1920 760 659
36482 4735 3248 1 1920 760 657
36547 4752 3248 1 1920 760 657
36608 4772 3253 1 1950 750 661
36668 4794 3256 1 1950 750 657
36725 4813 3256 1 1960 750 664
36785 4834 3256 1 1920 760 671
36838 4854 3259 1 1920 760 658
36887 4869 3260 1 1920 760 667
36948 4898 3260 1 1880 760 665
36999 4935 3263 1 1880 760 652
37058 4978 3265 1 1840 760 652
37120 5039 3269 1 1800 760 653
37174 5088 3272 1 1800 760 655
37224 5112 3277 1 1800 770 653
37272 5137 3282 1 1800 770 652
37314 5162 3288 1 1800 770 669
37360 5187 3295 1 1760 770 665
37407 5214 3303 1 1760 770 659
37454 5246 3309 1 1760 770 665
37496 5275 3313 1 1710 770 647
37538 5302 3323 1 1710 770 659
37581 5330 3341 1 1760 760 658
37620 5357 3351 1 1760 760 658
37656 5390 3355 1 1760 760 660
37685 5423 3358 1 1800 760 656
37711 5454 3359 1 1800 760 662
37738 5488 3359 1 1800 760 673
37771 5516 3362 1 1800 760 652
37802 5542 3366 1 1800 750 660
37833 5569 3371 1 1800 750 671
37859 5596 3374 1 1800 750 665
37883 5624 3376 1 1800 750 655
37909 5651 3377 1 1800 750 665
37936 5678 3381 1 1840 750 669
37964 5703 3384 1 1830 740 656
37992 5731 3389 1 1830 740 650
38018 5758 3395 1 1830 740 662
38042 5785 3396 1 1870 740 665
38066 5807 3397 1 1870 740 658
38090 5835 3405 1 1870 740 669
38113 5865 3408 1 1870 740 664
38132 5896 3415 1 1870 740 664
38148 5933 3438 1 1900 740 675
38162 5970 3460 1 1900 740 661
38174 6013 3484 1 1900 740 665
38182 6059 3506 1 1900 740 662
38189 6102 3528 1 1930 730 667
38197 6150 3551 1 1930 730 676
38205 6195 3574 1 1930 730 664
38217 6245 3598 1 1930 730 670
38225 6298 3623 1 1960 720 670
38230 6355 3643 1 1960 720 666
38233 6414 3659 1 1960 720 671
38234 6472 3671 1 1960 720 675
38236 6536 3684 1 1960 720 675
38239 6605 3696 1 1960 720 680
38241 6676 3710 1 1960 720 679
38243 6756 3724 1 1960 720 684
38242 6838 3738 1 1970 730 680
38235 6924 3751 1 1970 730 682
38226 7012 3768 1 1970 730 680
38218 7099 3789 1 1970 730 685
38209 7193 3816 1 1970 730 678
38199 7282 3839 1 1970 730 680
38188 7372 3849 1 1970 730 681
38175 7459 3851 1 1970 730 676
38160 7539 3855 1 1970 730 691
38143 7623 3861 1 1970 730 691
38122 7701 3868 1 1970 730 690
38104 7769 3877 1 1970 730 691
38080 7836 3882 1 1940 740 674
38062 7896 3893 1 1940 740 689
38043 7951 3904 1 1940 740 693
38024 8004 3919 1 1940 740 686
38003 8054 3932 1 1940 740 682
37977 8101 3945 1 1940 740 682
37949 8147 3958 1 1900 740 684
37918 8195 3971 1 1900 730 691
37885 8242 3984 1 1900 730 676
37855 8287 3993 1 1870 730 697
37825 8333 3998 1 1870 730 688
37788 8374 4001 1 1870 730 695
37748 8416 4005 1 1870 730 693
37709 8472 4009 1 1870 730 691
37670 8523 4016 1 1870 730 697
37629 8567 4025 1 1830 730 687
37579 8606 4036 1 1830 730 681
37524 8640 4050 1 1830 730 690
37467 8679 4059 1 1830 730 685
37408 8730 4061 1 1830 730 681
37351 8774 4062 1 1800 730 694
37287 8817 4063 1 1800 730 692
37230 8855 4072 1 1800 730 688
37172 8894 4073 1 1800 730 697
37112 8938 4074 1 1800 730 687
37046 8985 4082 1 1800 730 684
36979 9027 4082 1 1800 740 673
36907 9067 4083 1 1800 740 692
36823 9104 4083 1 1800 740 679
36734 9141 4084 1 1800 740 670
36642 9174 4084 1 1760 750 688
36554 9200 4085 1 1800 750 683
36468 9222 4087 1 1800 750 680
36392 9239 4090 1 1800 750 673
36319 9255 4092 1 1800 750 671
36246 9267 4095 1 1800 750 672
36172 9275 4097 1 1800 760 676
36102 9279 4098 1 1800 760 660
36033 9281 4098 1 1800 760 667
35962 9283 4100 1 1800 760 660
35895 9285 4103 1 1800 760 648
35830 9287 4114 1 1840 760 663
35763 9287 4134 1 1840 760 658
35695 9289 4168 1 1840 760 664
35627 9290 4204 1 1880 760 663
35556 9292 4241 1 1840 760 655
35480 9291 4277 1 1840 750 664
35401 9291 4313 1 1840 750 658
35324 9291 4351 1 1800 750 668
35249 9291 4388 1 1800 750 668
35177 9289 4412 1 1800 750 659
35108 9284 4418 1 1800 750 663
35050 9280 4419 1 1800 750 661
34988 9272 4426 1 1760 750 657
34932 9260 4426 1 1760 760 667
34887 9248 4429 1 1760 760 660
34843 9231 4433 1 1720 760 660
34808 9212 4438 1 1720 760 674
34769 9192 4442 1 1720 760 668
34714 9161 4451 1 1680 760 671
34657 9126 4453 1 1680 760 677
34589 9091 4465 1 1680 760 670
34525 9049 4467 1 1680 760 675
34469 9009 4467 1 1680 760 675
34411 8965 4479 1 1680 760 670
34353 8912 4482 1 1680 760 679
34300 8862 4482 1 1720 760 676
34252 8802 4488 1 1720 760 681
34211 8736 4493 1 1720 760 684
34178 8670 4501 1 1720 760 676
34148 8609 4502 1 1760 760 684
34120 8545 4518 1 1760 750 683
34095 8478 4518 1 1760 750 690
34070 8414 4528 1 1760 750 699
34032 8371 4538 1 1760 750 688
33997 8324 4540 1 1760 750 687
33961 8273 4556 1 1800 740 688
33925 8219 4561 1 1800 740 685
33902 8165 4565 1 1800 740 695
33885 8110 4580 1 1800 730 694
33871 8051 4588 1 1770 730 687
33863 7986 4589 1 1770 730 690
33855 7915 4590 1 1770 730 694
33847 7845 4591 1 1770 730 700
33844 7773 4598 1 1770 730 697
33843 7700 4606 1 1770 730 689
33843 7623 4607 1 1770 740 697
33844 7547 4609 1 1770 740 702
33844 7466 4609 1 1770 740 695
33844 7386 4611 1 1770 740 699
33845 7309 4611 1 1760 750 698
33845 7223 4615 1 1760 750 703
33849 7139 4616 1 1760 750 704
33854 7053 4616 1 1760 760 696
33862 6958 4617 1 1760 760 698
33876 6868 4620 1 1760 760 700
33898 6775 4626 1 1760 760 694
33926 6684 4628 1 1760 760 697
33967 6582 4638 1 1760 760 686
34009 6477 4648 1 1760 760 689
34055 6375 4650 1 1760 760 689
34088 6286 4652 1 1760 760 684
34125 6204 4654 1 1760 760 692
34174 6128 4655 1 1760 760 690
34227 6055 4656 1 1800 760 690
34281 5985 4659 1 1800 760 694
34339 5918 4662 1 1800 760 687
34397 5851 4679 1 1800 760 694
34462 5789 4701 1 1800 760 694
34538 5729 4724 1 1800 750 683
34619 5671 4742 1 1800 750 687
34694 5617 4746 1 1800 750 676
34761 5550 4750 1 1800 750 675
34826 5488 4764 1 1800 750 675
34888 5428 4773 1 1800 750 667
34937 5372 4774 1 1800 750 675
34994 5318 4779 1 1800 760 670
35054 5270 4788 1 1800 760 665
35117 5232 4796 1 1760 760 675
35186 5195 4809 1 1760 760 671
35259 5160 4822 1 1760 760 676
35334 5129 4833 1 1710 770 675
35411 5098 4845 1 1710 770 668
35491 5032 4850 1 1710 770 675
35573 4972 4853 1 1660 780 674
35653 4926 4856 1 1660 780 667
35735 4882 4859 1 1660 780 672
35821 4851 4866 1 1710 780 670
35908 4827 4875 1 1700 790 675
36000 4807 4885 1 1700 790 677
36090 4793 4896 1 1750 790 671
36180 4781 4907 1 1800 790 687
36265 4775 4918 1 1800 790 682
36346 4773 4929 1 1800 790 682
36432 4776 4940 1 1800 790 684
36514 4778 4951 1 1850 790 677
36586 4780 4955 1 1900 790 679
36658 4784 4961 1 1900 790 680
36728 4802 4966 1 1900 790 673
36789 4825 4967 1 1900 790 681
36850 4854 4967 1 1900 790 671
36921 4900 4967 1 1850 790 670
36983 4955 4973 1 1850 790 677
37052 5027 4974 1 1800 790 671
37123 5080 4980 1 1800 790 683
37185 5113 4981 1 1800 790 676
37250 5146 4983 1 1800 790 669
37314 5180 4986 1 1800 790 682
37375 5212 4993 1 1750 790 677
37443 5245 4994 1 1750 790 659
37510 5279 4995 1 1700 790 656
37574 5311 4995 1 1700 790 657
37631 5347 4996 1 1700 790 664
37675 5389 4997 1 1650 790 664
37712 5431 4998 1 1700 790 663
37748 5482 4998 1 1700 790 680
37779 5537 5000 1 1700 790 684
37809 5592 5003 1 1750 780 667
37843 5654 5004 1 1750 780 696
37878 5705 5015 1 1800 780 676
37924 5754 5017 1 1800 780 691
37969 5803 5022 1 1800 780 673
38004 5847 5034 1 1800 780 665
38039 5898 5041 1 1800 770 676
38067 5949 5041 1 1800 770 667
38093 6008 5047 1 1840 770 676
38116 6065 5060 1 1840 770 672
38135 6123 5080 1 1840 770 672
38151 6184 5100 1 1890 770 703
38166 6241 5119 1 1890 770 690
38177 6299 5138 1 1880 760 685
38188 6358 5159 1 1880 760 697
38199 6416 5180 1 1920 760 686
38207 6475 5200 1 1920 760 678
38215 6538 5221 1 1920 760 688
38217 6601 5228 1 1960 750 677
38218 6668 5229 1 1960 750 684
38220 6742 5229 1 1960 750 695
38221 6815 5229 1 1990 750 684
38221 6888 5230 1 1990 750 686
38221 6964 5230 1 2010 760 689
38218 7042 5231 1 2010 760 666
38215 7119 5231 1 2010 760 675
38211 7194 5231 1 2010 760 671
38206 7264 5232 1 2010 760 677
38201 7331 5232 1 2010 760 667
38196 7402 5232 1 2010 760 667
38185 7475 5236 1 2010 760 663
38174 7549 5238 1 2010 760 670
38158 7630 5244 1 2010 760 678
38138 7710 5245 1 2010 760 676
38111 7787 5250 1 1970 760 670
38080 7864 5257 1 1970 760 679
38049 7943 5270 1 1970 760 685
38012 8023 5284 1 1970 760 678
37973 8103 5299 1 1970 760 669
37926 8180 5314 1 1920 760 668
37882 8253 5318 1 1920 760 675
37839 8320 5320 1 1920 760 680
37795 8384 5326 1 1920 760 677
37749 8447 5338 1 1870 750 690
37696 8504 5360 1 1870 750 691
37649 8562 5381 1 1870 750 687
37606 8635 5398 1 1870 750 697
37561 8700 5411 1 1870 750 681
37514 8775 5412 1 1840 750 676
37459 8844 5413 1 1840 750 688
37397 8913 5414 1 1840 760 682
37334 8971 5417 1 1840 760 686
37269 9020 5418 1 1840 760 687
37210 9059 5420 1 1800 760 686
37155 9087 5424 1 1800 770 688
37103 9106 5425 1 1800 770 686
37048 9120 5429 1 1800 770 696
36991 9131 5432 1 1800 770 678
36932 9141 5434 1 1800 780 674
36869 9155 5436 1 1800 780 679
36807 9167 5439 1 1800 780 675
36746 9177 5441 1 1800 780 674
36683 9184 5445 1 1750 780 679
36615 9188 5447 1 1750 780 673
36534 9192 5448 1 1800 780 675
36446 9196 5473 1 1800 780 676
36350 9207 5523 1 1800 780 663
36245 9216 5576 1 1800 780 663
36144 9224 5617 1 1800 780 669
36045 9231 5629 1 1800 780 661
35933 9238 5629 1 1800 780 674
35819 9244 5634 1 1800 780 668
35724 9248 5635 1 1800 780 682
35637 9245 5643 1 1800 780 685
35559 9243 5646 1 1850 780 674
35481 9240 5656 1 1850 780 681
35402 9237 5656 1 1850 780 670
35327 9234 5670 1 1850 780 674
35251 9229 5681 1 1800 780 672
35179 9222 5686 1 1800 780 670
35106 9213 5699 1 1800 770 679
35019 9204 5701 1 1800 770 687
34939 9191 5708 1 1800 770 679
34873 9177 5715 1 1760 770 691
34811 9160 5718 1 1760 770 694
34737 9137 5718 1 1760 770 682
34661 9113 5720 1 1710 780 686
34587 9085 5726 1 1710 780 677
34505 9064 5727 1 1710 780 683
34423 9040 5728 1 1710 780 680
34355 9017 5738 1 1710 780 670
34302 8990 5740 1 1710 780 687
34252 8954 5741 1 1750 780 685
34214 8914 5745 1 1750 780 683
34178 8868 5749 1 1760 770 691
34131 8818 5754 1 1760 770 680
34064 8774 5765 1 1800 760 677
34002 8723 5770 1 1800 760 673
33949 8665 5775 1 1800 760 671
33904 8605 5787 1 1800 760 675
33868 8550 5790 1 1800 760 673
33843 8494 5797 1 1800 750 674
33820 8428 5803 1 1800 750 673
33804 8366 5817 1 1800 750 672
33785 8321 5819 1 1800 740 673
33768 8276 5820 1 1800 740 671
33753 8230 5832 1 1800 740 664
33742 8180 5841 1 1800 740 673
33734 8122 5842 1 1770 730 673
33726 8061 5850 1 1770 740 670
33719 7997 5865 1 1770 740 672
33712 7930 5869 1 1770 740 669
33705 7862 5873 1 1770 740 675
33701 7793 5873 1 1770 740 674
33697 7715 5874 1 1770 740 666
33695 7639 5888 1 1770 740 665
33694 7561 5889 1 1760 750 658
33692 7476 5890 1 1760 750 660
33691 7399 5896 1 1760 750 666
33691 7317 5898 1 1760 750 663
33690 7232 5900 1 1760 760 669
33690 7153 5900 1 1760 760 671
33690 7068 5901 1 1760 760 664
33691 6980 5903 1 1760 770 676
33693 6896 5909 1 1760 770 667
33697 6808 5919 1 1760 770 665
33702 6722 5923 1 1760 770 668
33710 6640 5924 1 1760 770 652
33722 6553 5953 1 1760 770 651
33738 6470 5983 1 1760 770 650
33756 6384 5993 1 1760 770 644
33780 6302 5998 1 1760 770 649
33806 6222 6010 1 1760 770 646
33831 6142 6027 1 1760 770 649
33863 6067 6028 1 1760 770 653
33899 5983 6029 1 1760 770 647
33940 5896 6036 1 1760 770 655
33990 5813 6037 1 1760 760 650
34047 5737 6038 1 1800 760 645
34094 5652 6038 1 1800 760 652
34143 5577 6038 1 1800 760 640
34200 5492 6040 1 1800 760 636
34258 5402 6042 1 1800 760 635
34318 5323 6042 1 1800 760 634
34380 5248 6045 1 1840 760 638
34442 5181 6051 1 1840 770 643
34504 5120 6054 1 1840 770 642
34565 5067 6055 1 1890 770 649
34616 4968 6058 1 1850 780 646
34672 4890 6065 1 1850 780 645
34741 4826 6068 1 1850 780 643
34814 4776 6068 1 1800 780 631
34887 4735 6069 1 1800 780 637
34950 4694 6076 1 1800 780 638
35008 4657 6078 1 1800 780 638
35062 4626 6087 1 1800 780 645
35116 4599 6088 1 1800 780 639
35169 4579 6088 1 1800 780 643
35225 4562 6096 1 1750 780 642
35275 4548 6109 1 1750 780 639
35326 4538 6114 1 1710 780 652
35382 4529 6114 1 1710 780 648
35441 4523 6135 1 1670 770 646
35505 4517 6141 1 1670 770 648
35568 4511 6153 1 1670 770 642
35627 4507 6162 1 1680 760 640
35695 4504 6166 1 1720 760 642
35757 4502 6180 1 1720 760 638
35821 4502 6193 1 1760 750 647
35890 4503 6195 1 1760 750 646
35954 4503 6195 1 1800 750 646
36014 4505 6212 1 1800 750 651
36070 4506 6227 1 1800 750 648
36122 4508 6229 1 1800 750 654
36169 4509 6231 1 1800 750 656
36215 4512 6236 1 1800 740 650
36265 4516 6236 1 1830 740 662
36312 4522 6236 1 1830 740 660
36360 4528 6237 1 1870 750 653
36412 4537 6238 1 1870 750 660
36458 4546 6240 1 1910 750 657
36506 4556 6241 1 1910 750 663
36558 4569 6242 1 1910 750 667
36607 4583 6243 1 1950 750 664
36657 4599 6263 1 1950 750 657
36709 4622 6301 1 1950 750 663
36762 4648 6338 1 1910 750 669
36822 4679 6368 1 1910 750 668
36891 4720 6394 1 1870 750 662
36958 4767 6423 1 1840 760 671
37026 4825 6463 1 1840 760 663
37094 4890 6489 1 1800 760 659
37162 4956 6489 1 1800 770 669
37226 5026 6495 1 1800 770 668
37291 5066 6496 1 1800 770 673
37350 5101 6497 1 1800 780 655
37415 5136 6502 1 1750 780 660
37484 5175 6503 1 1710 780 657
37543 5215 6511 1 1710 780 665
37601 5257 6511 1 1710 780 660
37657 5302 6523 1 1660 780 666
37707 5348 6524 1 1700 790 657
37750 5397 6532 1 1700 790 655
37789 5449 6533 1 1700 790 665
37823 5501 6536 1 1750 790 657
37857 5555 6536 1 1750 790 662
37887 5608 6537 1 1800 790 653
37915 5666 6537 1 1800 790 653
37942 5724 6538 1 1800 790 666
37970 5780 6564 1 1800 780 665
38000 5826 6603 1 1800 780 658
38034 5872 6630 1 1800 780 660
38068 5919 6652 1 1850 780 643
38096 5967 6654 1 1840 770 658
38124 6021 6658 1 1840 770 672
38147 6075 6664 1 1890 770 647
38163 6130 6665 1 1890 770 662
38179 6193 6665 1 1890 770 670
38192 6254 6666 1 1930 770 666
38206 6315 6666 1 1930 770 667
38220 6375 6666 1 1930 770 658
38233 6433 6673 1 1960 750 672
38242 6490 6680 1 1960 750 666
38248 6538 6686 1 1960 750 654
38258 6596 6693 1 1990 750 683
38265 6652 6699 1 1990 750 652
38271 6709 6705 1 1990 750 658
38277 6769 6710 1 2010 760 671
38279 6828 6714 1 2010 760 680
38283 6886 6719 1 2040 760 674
38288 6945 6725 1 2040 760 675
38291 7012 6733 1 2060 770 660
38293 7075 6742 1 2060 770 662
38294 7138 6749 1 2060 770 675
38296 7203 6758 1 2060 770 680
38291 7266 6763 1 2060 770 679
38286 7334 6770 1 2060 770 677
38280 7400 6779 1 2060 770 674
38273 7463 6791 1 2060 770 670
38266 7525 6805 1 2060 770 667
38257 7586 6839 1 2060 770 659
38246 7647 6881 1 2060 770 662
38233 7706 6918 1 2060 770 670
38214 7769 6942 1 2020 770 673
38188 7838 6950 1 2020 770 671
38160 7904 6955 1 2020 770 668
38130 7965 6970 1 2020 770 673
38097 8027 6984 1 2010 760 674
38060 8087 6992 1 2010 760 677
38019 8147 6998 1 1970 760 675
37970 8206 6998 1 1960 750 671
37917 8262 7002 1 1960 750 667
37868 8326 7005 1 1920 760 664
37811 8388 7005 1 1920 760 653
37757 8479 7011 1 1920 760 662
37701 8557 7014 1 1880 760 662
37642 8618 7019 1 1880 760 675
37581 8667 7021 1 1870 750 664
37514 8711 7023 1 1840 750 668
37438 8759 7024 1 1840 750 679
37358 8804 7047 1 1800 750 662
37275 8847 7071 1 1800 750 685
37200 8884 7082 1 1800 760 680
37124 8920 7108 1 1800 760 679
37045 8954 7134 1 1800 760 671
36959 8978 7174 1 1800 760 682
36864 9010 7222 1 1760 770 683
36767 9034 7270 1 1760 770 676
36665 9056 7310 1 1760 770 674
36557 9076 7311 1 1760 770 684
36467 9092 7311 1 1760 770 662
36383 9102 7312 1 1750 780 665
36299 9116 7314 1 1750 780 661
36220 9127 7317 1 1800 780 657
36144 9136 7318 1 1800 780 664
36067 9145 7318 1 1800 780 669
35993 9150 7321 1 1800 780 657
35920 9154 7323 1 1800 780 670
35848 9158 7323 1 1800 780 660
35779 9163 7325 1 1800 780 663
35708 9164 7328 1 1800 780 669
35641 9165 7334 1 1800 780 652
35571 9166 7339 1 1800 780 658
35498 9166 7342 1 1800 780 661
35429 9166 7350 1 1800 780 650
35361 9167 7362 1 1800 780 668
35299 9164 7369 1 1800 780 665
35243 9158 7370 1 1800 780 660
35188 9150 7380 1 1800 780 669
35114 9140 7380 1 1750 780 664
35043 9126 7381 1 1750 780 665
34981 9109 7384 1 1710 780 670
34916 9091 7388 1 1710 780 668
34856 9070 7389 1 1710 780 664
34806 9048 7396 1 1660 780 659
34753 9019 7397 1 1660 780 669
34694 8984 7405 1 1660 780 657
34634 8944 7406 1 1620 770 656
34570 8904 7413 1 1620 770 658
34507 8866 7414 1 1620 770 657
34430 8822 7415 1 1600 780 653
34361 8794 7421 1 1600 780 664
34303 8765 7423 1 1600 780 667
34256 8735 7425 1 1600 780 676
34220 8702 7426 1 1660 780 674
34187 8662 7428 1 1660 780 663
34157 8617 7430 1 1660 780 665
34104 8568 7432 1 1660 780 665
34063 8513 7432 1 1710 780 654
34023 8451 7432 1 1710 770 658
33987 8380 7433 1 1710 770 658
33954 8300 7434 1 1710 770 658
33925 8213 7437 1 1720 760 664
33908 8152 7440 1 1720 760 667
33893 8083 7442 1 1720 760 671
33880 8013 7443 1 1720 760 670
33872 7935 7448 1 1730 750 671
33862 7855 7450 1 1730 750 674
33854 7770 7452 1 1730 750 665
33850 7671 7452 1 1730 750 664
33850 7573 7456 1 1730 750 665
33851 7466 7456 1 1720 760 664
33852 7353 7459 1 1720 760 670
33855 7242 7460 1 1720 760 673
33859 7127 7460 1 1710 770 667
33869 7006 7461 1 1710 770 674
33880 6889 7462 1 1710 770 666
33900 6784 7463 1 1710 770 672
33928 6681 7463 1 1710 770 666
33960 6584 7464 1 1710 770 658
33996 6491 7468 1 1760 770 658
34041 6394 7470 1 1760 770 657
34094 6301 7472 1 1760 770 649
34128 6213 7483 1 1760 770 665
34161 6124 7486 1 1760 770 658
34198 6041 7488 1 1760 770 666
34242 5954 7491 1 1800 770 663
34293 5872 7492 1 1800 770 659
34342 5795 7496 1 1800 770 666
34398 5714 7497 1 1800 770 665
34451 5626 7498 1 1800 770 655
34508 5544 7504 1 1800 770 657
34571 5478 7506 1 1800 770 654
34630 5416 7510 1 1800 770 655
34685 5361 7510 1 1800 770 657
34740 5312 7511 1 1800 770 653
34798 5264 7512 1 1800 780 667
34849 5215 7513 1 1750 780 666
34916 5162 7513 1 1750 780 659
34981 5109 7515 1 1710 780 658
35043 5057 7521 1 1700 790 654
35102 4955 7530 1 1700 790 652
35165 4870 7532 1 1650 790 655
35248 4798 7538 1 1650 790 652
35323 4746 7547 1 1580 790 659
35386 4703 7554 1 1580 790 656
35453 4670 7557 1 1580 790 657
35523 4641 7558 1 1540 790 660
35592 4618 7559 1 1580 790 652
35655 4602 7563 1 1580 790 656
35720 4590 7573 1 1580 790 654
35789 4582 7575 1 1630 800 650
35862 4575 7578 1 1650 790 657
35938 4570 7591 1 1700 790 655
36012 4565 7607 1 1700 790 650
36089 4563 7616 1 1750 790 658
36167 4561 7617 1 1800 790 651
36246 4560 7654 1 1800 790 662
36322 4560 7655 1 1800 780 663
36394 4561 7658 1 1800 780 652
36455 4568 7688 1 1800 780 657
36509 4576 7695 1 1850 780 652
36556 4585 7702 1 1840 770 656
36603 4595 7714 1 1840 770 666
36650 4608 7727 1 1840 770 664
36698 4622 7733 1 1840 770 670
36748 4638 7736 1 1840 770 669
36810 4656 7753 1 1800 770 657
36880 4676 7760 1 1800 770 663
36951 4699 7773 1 1800 770 657
37019 4724 7780 1 1800 770 658
37084 4750 7782 1 1800 770 664
37147 4780 7814 1 1800 770 656
37209 4814 7857 1 1800 770 664
37274 4856 7902 1 1760 770 667
37331 4900 7943 1 1750 780 657
37387 4946 7955 1 1710 780 665
37443 5000 7959 1 1710 780 662
37497 5057 7970 1 1710 780 658
37553 5125 7978 1 1700 790 649
37607 5184 7981 1 1700 790 643
37667 5213 7982 1 1700 790 655
37725 5244 8002 1 1750 790 657
37778 5279 8005 1 1750 790 652
37831 5319 8024 1 1800 800 668
37881 5363 8030 1 1800 800 654
37924 5405 8039 1 1800 800 651
37956 5444 8058 1 1800 800 657
37984 5485 8064 1 1800 800 652
38011 5528 8084 1 1800 800 659
38038 5572 8090 1 1860 800 650
38060 5616 8108 1 1860 800 639
38083 5662 8121 1 1910 800 657
38107 5707 8132 1 1910 800 658
38131 5747 8148 1 1910 800 655
38158 5790 8154 1 1970 800 664
38183 5830 8172 1 1970 800 653
38207 5868 8174 1 2000 780 654
38228 5914 8176 1 2000 780 653
38243 5969 8176 1 2000 780 647
38253 6024 8177 1 2040 780 648
38260 6075 8179 1 2040 780 653
38269 6129 8182 1 2020 770 672
38279 6181 8184 1 2020 770 651
38288 6224 8187 1 2020 770 640
38296 6274 8190 1 2060 770 665
38301 6323 8191 1 2060 770 656
38306 6373 8193 1 2060 770 637
38312 6424 8193 1 2060 770 655
38316 6474 8194 1 2080 750 661
38322 6522 8195 1 2080 750 661
38328 6571 8195 1 2080 750 673
38335 6627 8196 1 2080 750 670
38340 6687 8203 1 2080 750 665
38345 6756 8224 1 2080 750 678
38349 6832 8226 1 2110 750 664
38351 6917 8230 1 2130 760 671
38347 7004 8252 1 2130 760 660
38339 7086 8252 1 2130 760 666
38330 7167 8254 1 2130 760 670
38317 7247 8276 1 2100 760 663
38303 7328 8283 1 2100 760 670
38291 7411 8284 1 2100 760 665
38275 7494 8299 1 2100 760 651
38261 7572 8305 1 2100 760 663
38249 7647 8312 1 2100 760 655
38235 7721 8313 1 2060 770 659
38218 7793 8316 1 2060 770 664
38197 7869 8317 1 2060 770 660
38173 7937 8320 1 2060 770 658
38145 8009 8333 1 2020 770 666
38108 8084 8340 1 2020 770 662
38065 8157 8347 1 2020 770 644
38014 8223 8349 1 1980 770 647
37956 8286 8351 1 1980 770 647
37896 8366 8352 1 1980 770 647
37844 8441 8353 1 1930 770 649
37794 8511 8355 1 1930 770 660
37739 8571 8356 1 1930 770 659
37677 8621 8362 1 1890 770 655
37602 8676 8420 1 1890 770 668
37515 8727 8500 1 1840 770 664
37420 8777 8590 1 1840 770 666
37326 8825 8693 1 1800 770 670
37237 8868 8786 1 1800 770 668
37147 8897 8803 1 1800 770 660
37065 8920 8804 1 1800 770 659
36988 8944 8810 1 1800 770 641
36905 8966 8815 1 1800 780 639
36823 8988 8822 1 1750 780 651
36737 9008 8827 1 1750 780 652
36650 9023 8833 1 1750 780 657
36563 9035 8833 1 1700 790 659
36478 9048 8844 1 1700 790 665
36394 9064 8845 1 1750 790 659
36311 9081 8857 1 1750 790 643
36231 9097 8857 1 1750 790 655
36148 9109 8860 1 1750 790 648
36067 9122 8870 1 1750 790 649
35984 9132 8876 1 1750 790 644
35902 9140 8878 1 1800 790 640
35824 9147 8881 1 1800 790 651
35750 9152 8893 1 1800 790 653
35682 9154 8895 1 1800 790 653
35618 9156 8896 1 1800 790 656
35553 9159 8912 1 1800 790 649
35487 9161 8913 1 1800 790 647
35422 9161 8913 1 1800 790 642
35358 9159 8918 1 1800 790 645
35298 9154 8919 1 1800 790 652
35238 9149 8920 1 1800 790 644
35167 9143 8925 1 1750 790 638
35098 9136 8927 1 1750 790 647
35032 9129 8928 1 1700 790 632
34968 9121 8929 1 1700 790 644
34900 9110 8930 1 1700 790 647
34836 9096 8932 1 1650 790 637
34782 9082 8936 1 1650 790 662
34719 9063 8936 1 1650 790 647
34652 9039 8938 1 1600 780 637
34590 9018 8938 1 1580 790 643
34523 8996 8941 1 1580 790 641
34463 8974 8941 1 1580 790 643
34414 8954 8941 1 1580 790 640
34364 8930 8941 1 1630 800 644
34324 8902 8943 1 1630 800 649
34289 8867 8947 1 1630 800 649
34253 8824 8948 1 1630 800 648
34218 8792 8950 1 1690 800 652
34158 8757 8956 1 1690 800 649
34102 8723 8958 1 1690 800 644
34058 8689 8958 1 1740 800 640
34017 8652 8965 1 1740 800 641
33980 8613 8975 1 1750 790 644
33945 8564 8977 1 1750 790 634
33913 8514 8983 1 1750 790 628
33888 8465 8985 1 1750 790 633
33870 8409 8991 1 1750 780 629
33858 8355 8996 1 1750 780 634
33848 8291 8997 1 1750 780 636
33837 8237 9002 1 1760 770 631
33830 8181 9007 1 1760 770 638
33822 8124 9011 1 1760 770 626
33815 8068 9012 1 1720 760 627
33811 8008 9015 1 1720 760 627
33803 7944 9024 1 1720 760 621
33800 7876 9028 1 1720 760 630
33799 7810 9033 1 1720 760 630
33799 7741 9036 1 1720 760 622
33799 7666 9048 1 1720 760 632
33811 7579 9048 1 1710 770 625
33818 7483 9050 1 1710 770 637
33828 7387 9064 1 1710 770 636
33840 7291 9067 1 1710 780 627
33847 7191 9069 1 1710 780 636
33857 7098 9073 1 1710 780 630
33868 7005 9077 1 1710 780 628
33877 6911 9082 1 1700 790 634
33895 6826 9088 1 1700 790 634
33920 6741 9089 1 1700 790 644
33956 6661 9090 1 1700 790 643
34004 6583 9093 1 1700 790 625
34061 6503 9095 1 1700 790 628
34126 6419 9098 1 1750 790 625
34174 6339 9098 1 1750 790 623
34206 6268 9100 1 1750 790 629
34235 6197 9102 1 1750 790 625
34271 6129 9103 1 1750 790 634
34308 6067 9104 1 1750 790 640
34353 6011 9104 1 1800 780 630
34399 5953 9116 1 1800 780 639
34438 5892 9151 1 1800 780 641
34479 5834 9174 1 1800 780 637
34523 5775 9183 1 1800 780 639
34570 5717 9185 1 1800 770 631
34625 5653 9192 1 1800 770 639
34677 5595 9196 1 1800 770 636
34727 5534 9202 1 1800 770 628
34778 5476 9206 1 1800 780 634
34823 5427 9220 1 1800 780 637
34868 5385 9247 1 1750 780 633
34919 5345 9253 1 1750 780 640
34974 5306 9257 1 1750 780 638
35035 5256 9276 1 1700 790 645
35115 5196 9291 1 1700 790 641
35198 5111 9292 1 1650 790 638
35276 5006 9303 1 1630 800 646
35366 4922 9303 1 1630 800 637
35466 4845 9312 1 1580 790 621
35545 4780 9314 1 1580 790 628
35625 4724 9315 1 1580 790 628
35685 4688 9315 1 1580 790 636
35752 4660 9317 1 1580 790 641
35824 4641 9317 1 1630 800 630
35899 4626 9319 1 1630 800 635
35972 4615 9320 1 1690 800 629
36043 4608 9323 1 1690 800 625
36109 4602 9325 1 1740 800 633
36166 4597 9327 1 1800 800 624
36223 4591 9331 1 1800 800 635
36276 4586 9333 1 1800 800 635
36330 4583 9344 1 1800 800 631
36380 4582 9347 1 1800 790 642
36418 4587 9348 1 1850 790 643
36457 4593 9354 1 1850 790 637
36497 4598 9373 1 1900 790 646
36542 4606 9393 1 1890 780 646
36587 4616 9395 1 1890 780 640
36630 4626 9400 1 1850 780 630
36673 4635 9415 1 1850 780 623
36712 4644 9425 1 1800 780 637
36754 4653 9429 1 1800 780 637
36800 4669 9435 1 1800 780 634
36855 4688 9449 1 1800 780 634
36921 4711 9450 1 1800 780 624
36986 4738 9462 1 1800 780 627
37055 4767 9467 1 1800 780 626
37124 4800 9477 1 1750 780 619
37187 4833 9496 1 1750 780 627
37244 4867 9501 1 1710 780 620
37300 4908 9511 1 1710 780 625
37354 4954 9522 1 1710 780 628
37408 5005 9540 1 1710 780 625
37462 5061 9550 1 1710 780 636
37515 5119 9563 1 1700 790 633
37561 5165 9571 1 1750 790 631
37604 5215 9573 1 1750 790 638
37646 5270 9585 1 1800 790 627
37683 5326 9596 1 1800 790 626
37720 5362 9598 1 1800 800 635
37751 5388 9605 1 1800 800 624
37779 5413 9613 1 1800 800 630
37805 5437 9614 1 1800 800 634
37830 5459 9624 1 1800 800 632
37853 5479 9630 1 1860 800 622
37873 5499 9636 1 1860 810 630
37891 5519 9646 1 1860 810 636
37908 5538 9655 1 1920 810 625
37928 5561 9657 1 1920 810 619
37945 5585 9662 1 1920 810 616
37961 5610 9664 1 1980 810 616
37975 5636 9668 1 1980 810 619
37985 5657 9671 1 1980 810 625
37995 5678 9676 1 2020 790 623
38003 5698 9682 1 2020 790 637
38011 5714 9687 1 2020 790 632
38018 5728 9691 1 2020 790 618
38025 5742 9701 1 2060 790 632
38033 5755 9703 1 2040 780 628
38046 5770 9725 1 2040 780 620
38060 5786 9745 1 2040 780 625
38077 5802 9746 1 2080 780 615
38094 5820 9747 1 2080 780 622
38112 5837 9766 1 2080 780 627
38127 5851 9786 1 2060 770 621
38143 5865 9788 1 2060 770 628
38161 5880 9804 1 2060 770 631
38178 5895 9822 1 2060 770 629
38195 5911 9830 1 2060 770 636
38216 5929 9838 1 2060 770 628
38233 5956 9842 1 2060 770 620
38247 5984 9871 1 2100 760 628
38263 6016 9873 1 2100 760 638
38277 6055 9897 1 2100 760 637
38289 6097 9900 1 2100 760 628
38300 6142 9917 1 2100 760 638
38309 6186 9922 1 2080 750 655
38316 6231 9923 1 2080 750 635
38323 6280 9936 1 2080 750 637
38330 6333 9943 1 2080 750 645
38336 6388 9954 1 2110 750 636
38342 6444 9959 1 2110 750 639
38345 6501 9976 1 2110 750 653
38348 6562 9977 1 2110 750 639
38352 6628 9991 1 2110 750 651
38357 6704 9991 1 2110 750 649
38357 6794 9997 1 2130 760 654
38356 6887 10000 1 2130 760 644
38353 6980 10001 1 2130 760 642
38348 7071 10002 1 2130 760 648
38341 7151 10005 1 2130 760 640
38332 7234 10012 1 2130 760 635
38323 7318 10016 1 2130 760 641
38311 7415 10029 1 2130 760 630
38298 7509 10036 1 2130 760 625
38282 7591 10050 1 2100 760 635
38265 7661 10055 1 2100 760 623
38247 7723 10071 1 2100 760 641
38224 7793 10075 1 2100 760 640
38200 7853 10078 1 2060 770 640
38176 7910 10081 1 2060 770 644
38149 7961 10086 1 2060 770 643
38119 8010 10155 1 2020 770 648
38085 8073 10217 1 2020 770 643
38046 8130 10269 1 2020 770 637
38004 8186 10319 1 1970 760 648
37952 8235 10372 1 1970 760 634
37900 8299 10402 1 1970 760 630
37853 8357 10415 1 1930 770 627
37810 8404 10423 1 1920 760 638
37773 8449 10429 1 1920 760 643
37734 8488 10433 1 1880 760 643
37690 8532 10447 1 1880 760 636
37639 8573 10458 1 1840 760 646
37591 8613 10473 1 1840 760 644
37540 8652 10488 1 1840 760 643
37488 8688 10504 1 1800 760 646
37436 8721 10518 1 1800 760 624
37381 8753 10533 1 1800 760 638
37323 8781 10552 1 1800 760 643
37267 8810 10552 1 1800 760 633
37203 8840 10553 1 1800 760 654
37142 8868 10557 1 1800 760 634
37086 8896 10560 1 1800 770 632
37030 8921 10564 1 1800 770 654
36974 8945 10566 1 1760 770 639
36917 8966 10572 1 1750 780 641
36858 8985 10574 1 1750 780 656
36796 9003 10576 1 1750 780 638
36732 9019 10577 1 1710 780 652
36669 9031 10581 1 1700 790 650
36604 9040 10581 1 1700 790 653
36542 9049 10584 1 1700 790 651
36479 9056 10586 1 1750 790 642
36416 9064 10588 1 1750 790 641
36355 9073 10591 1 1740 800 638
36293 9080 10592 1 1800 800 633
36236 9086 10593 1 1800 800 636
36177 9089 10596 1 1800 800 639
36120 9090 10597 1 1800 800 641
36063 9091 10597 1 1800 800 638
36005 9092 10598 1 1800 800 634
35949 9092 10598 1 1800 800 641
35893 9092 10602 1 1800 800 636
35837 9088 10602 1 1800 800 633
35786 9084 10603 1 1800 800 640
35732 9079 10607 1 1800 800 636
35678 9075 10607 1 1800 800 637
35624 9072 10609 1 1800 800 640
35569 9067 10615 1 1800 800 631
35516 9059 10616 1 1800 800 642
35462 9049 10616 1 1800 800 635
35407 9040 10618 1 1800 800 633
35350 9028 10624 1 1800 800 640
35295 9017 10624 1 1800 800 632
35233 9003 10626 1 1740 810 644
35172 8986 10626 1 1740 810 638
35114 8970 10628 1 1740 810 633
35058 8951 10629 1 1740 810 644
34999 8933 10633 1 1680 810 649
34941 8913 10633 1 1680 810 637
34886 8892 10635 1 1620 810 644
34834 8869 10635 1 1620 810 640
34789 8847 10640 1 1620 810 643
34744 8823 10642 1 1560 800 650
34697 8798 10642 1 1560 800 641
34645 8773 10644 1 1560 800 651
34591 8742 10645 1 1560 800 647
34537 8711 10645 1 1560 800 641
34485 8679 10646 1 1580 790 642
34434 8646 10647 1 1580 790 641
34386 8612 10647 1 1630 800 638
34342 8575 10648 1 1650 790 643
34297 8536 10651 1 1650 790 635
34252 8493 10653 1 1650 790 644
34182 8447 10653 1 1660 780 633
34110 8403 10654 1 1710 780 625
34050 8357 10654 1 1710 780 640
34008 8305 10656 1 1710 770 635
33973 8264 10659 1 1710 770 639
33940 8222 10664 1 1710 770 647
33909 8176 10665 1 1760 770 639
33885 8129 10670 1 1760 770 644
33867 8079 10671 1 1760 760 639
33855 8020 10673 1 1760 770 636
33846 7962 10679 1 1710 770 643
33839 7900 10682 1 1710 770 633
33833 7835 10686 1 1710 770 637
33829 7770 10686 1 1710 770 638
33826 7697 10689 1 1710 770 624
33826 7617 10693 1 1710 770 638
33828 7533 10694 1 1710 770 642
33830 7440 10694 1 1710 780 639
33831 7345 10696 1 1710 780 638
33836 7253 10697 1 1710 780 633
33850 7150 10698 1 1710 780 633
33863 7050 10700 1 1700 790 628
33877 6959 10702 1 1700 790 619
33898 6873 10704 1 1700 790 633
33927 6782 10705 1 1700 790 632
33964 6685 10709 1 1700 790 631
34011 6597 10710 1 1700 790 632
34057 6503 10711 1 1700 790 623
34109 6409 10712 1 1700 790 626
34179 6320 10712 1 1700 790 632
34221 6235 10726 1 1750 790 623
34272 6153 10740 1 1750 790 630
34321 6076 10774 1 1750 790 624
34370 5994 10777 1 1800 790 624
34417 5917 10789 1 1800 790 630
34470 5848 10803 1 1800 790 631
34526 5771 10851 1 1800 780 640
34581 5699 10861 1 1800 780 636
34638 5633 10865 1 1800 780 625
34688 5573 10868 1 1800 780 631
34738 5511 10899 1 1800 780 622
34786 5453 10901 1 1800 780 620
34838 5404 10930 1 1800 780 623
34908 5302 10937 1 1750 790 618
34990 5187 10944 1 1750 790 634
35081 5094 10945 1 1750 790 639
35181 5007 10949 1 1700 790 633
35272 4940 10953 1 1690 800 642
35370 4879 10957 1 1690 800 636
35474 4832 10975 1 1630 800 641
35563 4801 10983 1 1620 810 635
35651 4773 10986 1 1620 810 623
35735 4751 10990 1 1560 800 628
35809 4725 10998 1 1560 800 632
35875 4698 11009 1 1620 810 623
35938 4680 11016 1 1620 810 634
36008 4666 11025 1 1680 810 630
36082 4657 11030 1 1680 810 633
36145 4655 11030 1 1740 810 636
36210 4656 11031 1 1740 800 626
36271 4658 11033 1 1800 800 635
36350 4655 11035 1 1800 800 643
36427 4654 11036 1 1800 800 634
36476 4665 11037 1 1800 800 638
36524 4680 11042 1 1860 800 625
36568 4696 11048 1 1850 790 634
36625 4710 11059 1 1850 790 626
36683 4724 11059 1 1850 790 627
36728 4737 11074 1 1850 780 638
36776 4752 11075 1 1800 780 633
36820 4772 11077 1 1800 780 631
36862 4795 11080 1 1800 780 636
36928 4817 11083 1 1800 780 626
37009 4845 11110 1 1800 780 639
37089 4878 11160 1 1800 780 633
37165 4915 11206 1 1800 780 611
37225 4956 11244 1 1800 780 617
37279 4998 11279 1 1800 790 623
37327 5041 11299 1 1800 790 632
37369 5086 11308 1 1750 790 636
37412 5134 11322 1 1740 800 625
37458 5185 11348 1 1740 800 626
37505 5241 11374 1 1740 800 638
37552 5302 11401 1 1740 800 623
37602 5369 11433 1 1740 810 634
37649 5443 11443 1 1800 810 620
37692 5519 11446 1 1800 810 602
37737 5571 11447 1 1800 810 616
37779 5606 11457 1 1800 810 621
37831 5642 11463 1 1800 810 629
37891 5681 11472 1 1860 810 626
37953 5726 11486 1 1860 810 634
38010 5774 11495 1 1920 810 644
38070 5823 11498 1 1920 810 640
38125 5875 11500 1 1980 810 644
38182 5926 11501 1 1980 810 630
38227 5990 11503 1 1970 800 621
38249 6081 11509 1 2020 790 643
38264 6159 11520 1 2020 790 635
38277 6230 11520 1 2020 790 632
38288 6302 11522 1 2040 780 647
38296 6372 11532 1 2040 780 641
38303 6438 11534 1 2040 780 640
38310 6504 11534 1 2080 780 646
38315 6560 11548 1 2060 770 647
38318 6634 11552 1 2060 770 659
38312 6720 11563 1 2060 770 632
38300 6805 11564 1 2060 770 618
38287 6913 11569 1 2060 770 655
38269 7019 11576 1 2060 770 637
38248 7124 11578 1 2080 780 625
38221 7240 11588 1 2040 780 631
38187 7360 11599 1 2040 780 623
38158 7469 11599 1 2040 780 635
38138 7546 11601 1 2040 780 637
38123 7613 11606 1 2040 780 641
38101 7681 11611 1 2040 780 643
38073 7744 11617 1 2040 780 647
38034 7799 11625 1 2000 780 638
37988 7851 11637 1 2000 780 641
37939 7902 11638 1 2000 780 639
37891 7949 11647 1 1950 790 647
37840 8001 11648 1 1950 790 638
37808 8064 11657 1 1950 790 621
37774 8146 11658 1 1950 790 643
37742 8224 11660 1 1890 780 625
37708 8298 11664 1 1890 780 638
37666 8378 11668 1 1890 780 623
37630 8451 11668 1 1890 780 623
37590 8523 11673 1 1850 780 640
37547 8589 11675 1 1840 770 627
37499 8652 11679 1 1840 770 624
37447 8711 11685 1 1840 770 640
37387 8764 11690 1 1840 770 643
37324 8814 11701 1 1800 770 637
37262 8860 11702 1 1800 770 654
37206 8900 11714 1 1800 780 649
37162 8937 11714 1 1800 780 659
37122 8970 11731 1 1800 780 638
37077 9001 11749 1 1800 780 610
37027 9030 11762 1 1800 790 628
36975 9054 11764 1 1800 790 630
36926 9075 11767 1 1800 790 631
36880 9091 11769 1 1800 790 639
36831 9102 11771 1 1800 800 622
36781 9112 11774 1 1740 800 625
36727 9122 11779 1 1740 800 627
36670 9130 11785 1 1740 800 616
36618 9137 11785 1 1740 800 627
36565 9141 11792 1 1800 800 623
36512 9142 11793 1 1800 800 622
36460 9144 11796 1 1800 800 618
36400 9146 11796 1 1800 800 601
36333 9148 11803 1 1800 800 600
36268 9150 11810 1 1800 800 593
36197 9152 11813 1 1800 800 596
36125 9152 11821 1 1800 800 603
36055 9152 11827 1 1860 800 600
35983 9150 11828 1 1860 800 601
35911 9149 11832 1 1860 800 612
35838 9145 11835 1 1910 800 598
35767 9141 11845 1 1910 800 601
35700 9140 11851 1 1910 800 595
35629 9137 11851 1 1910 800 587
35557 9133 11852 1 1910 800 587
35486 9128 11854 1 1860 800 576
35412 9122 11857 1 1860 800 598
35340 9115 11862 1 1800 800 592
35262 9105 11862 1 1800 800 586
35184 9094 11865 1 1800 800 596
35110 9081 11874 1 1800 800 589
35044 9070 11884 1 1740 800 588
34970 9057 11888 1 1740 800 599
34905 9041 11891 1 1680 810 588
34850 9025 11898 1 1680 810 602
34797 9008 11903 1 1620 810 594
34742 8987 11908 1 1620 810 578
34688 8966 11923 1 1620 810 593
34630 8939 11926 1 1620 810 589
34579 8909 11932 1 1620 810 578
34531 8877 11938 1 1680 810 589
34479 8841 11940 1 1680 810 587
34433 8803 11943 1 1680 810 596
34393 8759 11945 1 1740 810 595
34357 8710 11949 1 1740 810 587
34324 8659 11954 1 1740 810 598
34262 8605 11957 1 1800 810 588
34193 8547 11959 1 1800 810 569
34135 8485 11960 1 1800 810 577
34085 8416 11960 1 1800 800 582
34031 8358 11965 1 1800 800 584
33991 8302 11965 1 1800 800 576
33950 8243 11966 1 1800 800 568
33909 8183 11969 1 1800 790 581
33876 8120 11969 1 1800 790 577
33855 8059 11970 1 1800 790 575
33838 7994 11972 1 1800 780 579
33826 7930 11974 1 1800 780 567
33819 7853 11977 1 1800 780 574
33807 7775 11978 1 1800 780 571
33799 7700 11979 1 1800 780 560
33791 7619 11979 1 1800 770 571
33786 7536 11979 1 1750 780 565
33782 7452 11980 1 1750 780 565
33779 7365 11981 1 1750 780 567
33777 7284 11981 1 1750 780 560
33776 7230 11982 1 1750 790 564
33777 7170 11982 1 1750 790 560
33777 7112 11983 1 1750 790 550
33778 7052 11986 1 1750 790 558
33783 6997 11989 1 1750 790 551
33792 6939 11990 1 1750 790 553
33805 6884 11992 1 1750 790 553
33820 6835 11993 1 1750 790 549
33837 6785 11994 1 1750 790 556
33858 6727 11995 1 1750 790 556
33882 6669 11997 1 1750 790 549
33909 6612 11998 1 1800 790 559
33941 6553 11999 1 1800 790 552
33982 6486 12000 1 1800 790 550
34034 6415 12001 1 1800 790 559
34098 6338 12001 1 1800 790 555
34170 6251 12004 1 1800 790 562
34227 6171 12006 1 1800 790 573
34263 6107 12009 1 1800 780 564
34301 6054 12019 1 1800 780 574
34343 6000 12026 1 1850 780 569
34387 5951 12027 1 1850 780 569
34438 5897 12027 1 1890 780 568
34495 5838 12027 1 1890 780 564
34559 5710 12033 1 1890 780 577
34635 5568 12038 1 1890 780 573
34735 5437 12044 1 1900 790 573
34837 5312 12048 1 1850 790 579
34917 5202 12053 1 1800 790 569
34994 5104 12056 1 1800 790 560
35073 5014 12056 1 1800 800 562
35176 4944 12057 1 1800 800 553
35273 4893 12064 1 1800 800 566
35374 4835 12069 1 1800 810 563
35478 4790 12078 1 1740 810 562
35580 4753 12079 1 1740 810 568
35684 4722 12081 1 1680 810 563
35773 4700 12089 1 1680 810 562
35860 4682 12089 1 1680 810 565
35953 4668 12091 1 1620 810 556
36038 4657 12096 1 1620 810 560
36155 4648 12100 1 1680 810 555
36287 4643 12105 1 1680 810 547
36416 4641 12111 1 1740 810 546
36520 4647 12121 1 1800 810 546
36589 4661 12130 1 1800 800 555
36642 4670 12135 1 1800 800 561
36688 4676 12150 1 1800 800 557
36730 4684 12154 1 1860 800 569
36770 4693 12162 1 1850 790 566
36802 4705 12171 1 1900 790 560
36825 4716 12171 1 1900 790 564
36846 4726 12177 1 1850 780 554
36856 4735 12188 1 1850 780 558
36881 4747 12190 1 1850 780 544
36915 4761 12202 1 1800 780 537
36949 4776 12213 1 1800 780 554
36981 4790 12214 1 1800 780 559
37016 4805 12219 1 1800 780 561
37050 4820 12223 1 1800 780 561
37082 4835 12233 1 1800 780 559
37116 4853 12244 1 1800 780 566
37143 4871 12244 1 1750 780 565
37173 4889 12252 1 1750 780 560
37205 4912 12260 1 1750 780 561
37224 4940 12269 1 1700 790 553
37242 4968 12270 1 1700 790 556
37260 4998 12289 1 1750 790 566
37276 5027 12289 1 1750 790 557
37291 5060 12289 1 1740 800 562
37308 5097 12295 1 1800 800 562
37328 5138 12297 1 1800 800 543
37353 5176 12298 1 1800 800 548
37383 5216 12299 1 1800 810 538
37414 5260 12300 1 1800 810 558
37446 5309 12302 1 1800 810 567
37479 5362 12303 1 1800 810 557
37515 5415 12306 1 1800 810 560
37566 5484 12308 1 1860 810 556
37627 5562 12308 1 1860 810 543
37691 5637 12310 1 1860 810 540
37748 5659 12312 1 1860 810 546
37804 5681 12315 1 1920 810 555
37853 5704 12315 1 1920 810 566
37902 5728 12319 1 1920 810 561
37951 5755 12319 1 1980 810 574
37997 5790 12322 1 1980 810 568
38040 5837 12322 1 1970 800 542
38074 5892 12326 1 2020 790 546
38108 5949 12327 1 2020 790 556
38128 6025 12327 1 2020 790 564
38136 6112 12327 1 2000 780 558
38141 6207 12330 1 2040 780 553
38144 6307 12335 1 2040 780 555
38147 6402 12336 1 2040 780 556
38147 6478 12337 1 2040 780 560
38138 6554 12345 1 2080 780 556
38132 6627 12354 1 2080 780 571
38128 6705 12356 1 2080 780 560
38123 6791 12372 1 2060 770 555
38126 6887 12387 1 2060 770 541
38128 6990 12387 1 2080 780 559
38129 7091 12404 1 2080 780 556
38128 7177 12422 1 2080 780 543
38124 7258 12436 1 2040 780 567
38119 7337 12439 1 2040 780 555
38114 7414 12488 1 2040 780 548
38106 7495 12503 1 2040 780 547
38096 7572 12507 1 2040 780 528
38079 7647 12536 1 2040 780 545
38057 7723 12579 1 2040 780 529
38035 7779 12579 1 2000 780 528
38006 7830 12584 1 2000 780 549
37968 7887 12631 1 2000 780 551
37919 7935 12650 1 2000 780 539
37861 7980 12652 1 2000 780 560
37799 8027 12673 1 1950 790 557
37746 8076 12707 1 1950 790 552
37714 8132 12717 1 1950 790 546
37680 8194 12721 1 1950 790 535
37645 8251 12736 1 1950 790 538
37606 8321 12749 1 1890 780 545
37562 8392 12760 1 1890 780 534
37516 8456 12783 1 1890 780 539
37470 8522 12785 1 1890 780 533
37427 8588 12818 1 1890 780 553
37387 8647 12821 1 1850 780 550
37346 8700 12853 1 1840 770 542
37301 8747 12856 1 1840 770 561
37257 8789 12894 1 1840 770 554
37211 8827 12896 1 1840 770 563
37163 8864 12932 1 1800 770 551
37112 8898 12941 1 1800 780 546
37059 8929 12953 1 1800 780 555
37007 8956 12974 1 1800 780 536
36954 8979 12993 1 1800 780 534
36901 9000 12999 1 1800 790 550
36848 9020 13008 1 1800 790 537
36790 9040 13021 1 1800 790 539
36726 9059 13034 1 1800 790 529
36652 9077 13049 1 1800 800 518
36568 9095 13049 1 1800 800 539
36475 9110 13064 1 1800 800 543
36385 9124 13082 1 1800 800 548
36306 9137 13082 1 1800 800 564
36242 9146 13100 1 1800 810 561
36184 9153 13110 1 1800 810 550
36122 9160 13119 1 1800 810 536
36058 9171 13139 1 1860 810 527
35987 9179 13140 1 1860 810 543
35916 9185 13152 1 1860 810 534
35844 9189 13157 1 1860 810 535
35769 9190 13161 1 1910 800 554
35697 9187 13165 1 1910 800 545
35628 9183 13168 1 1910 800 556
35559 9178 13170 1 1910 800 551
35486 9168 13171 1 1860 800 550
35413 9155 13171 1 1860 800 560
35339 9138 13183 1 1860 800 544
35272 9119 13183 1 1800 800 537
35191 9094 13187 1 1800 800 551
35112 9074 13189 1 1800 800 532
35037 9054 13190 1 1800 800 539
34962 9030 13190 1 1740 800 545
34891 9003 13191 1 1690 800 541
34820 8972 13191 1 1690 800 567
34747 8936 13192 1 1690 800 558
34673 8894 13192 1 1620 810 558
34600 8844 13193 1 1620 810 565
34531 8792 13193 1 1680 810 550
34461 8733 13193 1 1680 810 558
34396 8672 13194 1 1680 810 542
34327 8610 13194 1 1680 810 535
34215 8531 13195 1 1740 810 555
34127 8444 13196 1 1740 800 547
34066 8355 13196 1 1740 800 547
34005 8283 13196 1 1800 800 562
33949 8231 13196 1 1800 800 537
33901 8175 13196 1 1800 800 550
33861 8096 13198 1 1800 790 552
33836 8013 13198 1 1800 790 544
33820 7928 13199 1 1800 790 566
33807 7839 13199 1 1800 790 555
33799 7750 13199 1 1800 780 557
33792 7670 13200 1 1800 780 563
33784 7602 13201 1 1800 780 547
33779 7533 13204 1 1800 780 557
33774 7465 13204 1 1800 780 559
33771 7399 13205 1 1800 780 544
33771 7333 13208 1 1800 780 551
33773 7270 13210 1 1800 790 552
33773 7202 13212 1 1800 790 552
33772 7121 13213 1 1800 790 557
33776 7052 13213 1 1800 790 547
33787 6988 13215 1 1800 790 556
33806 6930 13215 1 1800 790 542
33832 6873 13218 1 1800 790 533
33861 6807 13220 1 1800 790 539
33902 6740 13221 1 1800 790 532
33955 6660 13222 1 1800 790 528
34014 6571 13223 1 1800 790 530
34087 6495 13226 1 1800 790 521
34178 6403 13230 1 1800 790 525
34221 6232 13230 1 1800 790 524
34270 6067 13233 1 1850 790 525
34329 5912 13234 1 1850 790 530
34397 5768 13236 1 1900 790 530
34477 5658 13237 1 1900 790 527
34568 5564 13238 1 1900 790 530
34659 5476 13241 1 1890 780 519
34743 5386 13241 1 1900 790 541
34817 5304 13246 1 1900 790 540
34892 5226 13249 1 1850 790 540
34984 5144 13254 1 1850 790 544
35080 5069 13261 1 1800 800 534
35177 5014 13261 1 1800 800 538
35272 4960 13264 1 1800 800 526
35371 4914 13264 1 1800 800 523
35493 4869 13271 1 1800 810 540
35620 4823 13274 1 1800 810 524
35758 4783 13277 1 1800 810 522
35907 4744 13277 1 1800 810 536
36045 4713 13282 1 1800 810 531
36182 4690 13283 1 1740 810 530
36303 4673 13287 1 1740 810 516
36397 4659 13288 1 1800 810 506
36515 4651 13294 1 1800 810 512
36572 4660 13301 1 1800 810 523
36628 4672 13305 1 1800 810 515
36707 4684 13314 1 1860 810 527
36786 4695 13317 1 1920 810 522
36837 4702 13327 1 1920 810 514
36886 4715 13333 1 1920 810 510
36932 4731 13340 1 1910 800 507
36962 4755 13344 1 1860 800 517
37007 4784 13344 1 1860 800 508
37051 4817 13344 1 1860 800 511
37099 4857 13345 1 1860 800 506
37148 4903 13347 1 1860 800 510
37198 4957 13350 1 1860 800 499
37262 5024 13351 1 1860 800 486
37340 5103 13354 1 1800 800 455
37421 5195 13354 1 1800 800 474
37508 5304 13357 1 1800 800 435
37615 5392 13358 1 1800 800 352
37763 5490 13359 1 1800 800 317
37898 5607 13359 1 1800 800 177
38011 5709 13359 1 1860 800 52
