51234 34194 791 1 1850 600 127
51234 34195 792 1 1850 600 221
51235 34196 794 1 1850 600 268
51236 34196 794 1 1850 600 318
51238 34197 799 1 1870 600 360
51239 34198 804 1 1870 600 391
51240 34198 805 1 1870 600 414
51241 34199 808 1 1870 600 429
51243 34194 813 1 1870 600 443
51244 34184 816 1 1870 600 442
51247 34170 817 1 1870 600 441
51250 34150 820 1 1870 600 463
51254 34122 820 1 1870 610 478
51258 34085 820 1 1870 610 478
51264 34039 821 1 1870 610 489
51270 33983 821 1 1870 610 493
51277 33917 823 1 1870 610 491
51286 33855 823 1 1870 610 500
51299 33792 824 1 1870 610 497
51309 33727 825 1 1870 610 504
51319 33664 826 1 1870 610 504
51330 33600 826 1 1870 610 503
51340 33538 827 1 1870 610 514
51348 33473 827 1 1870 610 514
51356 33407 828 1 1870 610 518
51366 33338 828 1 1870 610 525
51374 33269 829 1 1870 610 532
51385 33196 830 1 1870 610 535
51399 33123 830 1 1870 610 538
51409 33053 830 1 1890 610 532
51419 32983 831 1 1890 610 543
51427 32915 831 1 1890 610 546
51432 32851 831 1 1890 610 544
51436 32790 832 1 1890 610 552
51440 32731 832 1 1890 610 556
51444 32672 833 1 1890 610 566
51448 32607 833 1 1890 610 575
51450 32535 834 1 1890 620 570
51454 32492 834 1 1890 620 581
51459 32433 843 1 1890 620 578
51466 32369 847 1 1890 620 583
51470 32305 852 1 1880 630 582
51474 32235 853 1 1880 630 584
51476 32162 861 1 1880 630 584
51476 32089 862 1 1880 630 582
51478 32015 867 1 1880 630 581
51479 31938 868 1 1880 640 584
51480 31864 871 1 1880 640 590
51480 31794 875 1 1880 640 594
51481 31725 876 1 1880 640 592
51482 31667 878 1 1880 640 599
51483 31608 880 1 1880 640 592
51485 31551 881 1 1860 640 595
51491 31493 883 1 1860 640 595
51496 31430 885 1 1860 640 586
51502 31366 886 1 1860 640 581
51507 31299 886 1 1860 640 583
51510 31235 887 1 1860 640 583
51511 31176 887 1 1860 640 584
51513 31127 888 1 1840 640 590
51514 31088 889 1 1840 640 589
51514 31060 891 1 1840 640 602
51509 31046 891 1 1840 640 615
51505 31037 892 1 1840 640 623
51503 31034 895 1 1840 640 645
51502 31029 896 1 1840 650 660
51501 31025 897 1 1840 650 672
51500 31018 898 1 1840 650 689
51500 31009 898 1 1840 650 699
51498 31003 900 1 1840 650 705
51496 30998 901 1 1840 650 707
51495 30997 902 1 1840 650 700
51494 30996 903 1 1840 650 691
51495 30996 904 1 1840 650 659
51495 30995 905 1 1840 650 603
51495 30993 907 1 1840 650 499
51510 30985 907 1 1840 660 283
51398 31216 908 0 1840 660 0
51432 31240 908 0 1840 660 0
51437 31291 908 0 1840 660 0
51438 31360 908 0 1840 660 0
51419 31428 911 0 1840 650 0
51387 31494 914 0 1840 650 0
51341 31564 919 0 1840 640 0
51342 31566 923 0 1840 640 0
50776 31903 924 0 2250 640 0
50773 31909 927 0 2250 640 0
50772 31914 929 0 2250 640 0
50772 31936 929 0 2250 640 0
50774 31977 932 0 2250 640 0
50774 32047 934 0 2250 640 0
50775 32155 935 0 2230 630 0
50774 32230 941 0 2230 630 0
50774 32320 941 0 2230 620 0
50785 32421 943 0 2220 610 0
50804 32549 947 0 2210 610 0
50825 32700 949 0 2210 600 0
50837 32867 952 0 2180 580 0
50838 33059 954 0 2170 560 0
50839 33259 956 0 2140 540 0
50865 33438 959 0 2120 510 0
50921 33585 962 0 2090 490 0
50998 33700 963 0 2080 480 0
51086 33877 970 0 2050 450 0
51185 34063 973 0 2040 440 0
51272 34192 975 0 2040 430 0
51351 34310 980 0 2020 430 0
51357 34441 981 0 2010 410 0
51255 34593 983 0 1990 400 0
50974 34769 984 0 1980 390 0
50602 34937 989 0 1960 380 0
50088 35065 993 0 1950 360 0
49534 35120 996 0 1940 350 0
49226 35155 996 0 1930 350 0
48998 35160 1002 0 1920 350 0
48830 35149 1006 0 1910 370 0
48632 35095 1007 0 1900 380 0
48492 35024 1007 0 1900 400 0
48431 34938 1011 0 1900 420 0
48451 34848 1016 0 1900 430 0
48438 34746 1020 0 1900 440 0
48476 34655 1020 0 1890 450 0
48553 34587 1025 0 1880 460 0
48674 34511 1028 0 1890 470 0
48816 34445 1031 0 1890 490 0
48978 34403 1033 0 1880 500 0
49146 34403 1038 0 1890 520 0
49317 34438 1044 0 1880 540 0
49482 34466 1044 0 1890 560 0
49634 34491 1049 0 1890 570 0
49762 34504 1054 0 1880 580 0
49875 34528 1058 0 1880 590 0
49939 34504 1065 0 1890 600 0
50006 34490 1065 0 1890 600 0
50079 34481 1074 0 1900 600 0
50133 34479 1075 0 1900 600 0
50169 34482 1082 0 1900 600 0
50195 34488 1086 0 1900 600 0
50216 34486 1089 0 1900 600 0
50226 34499 1094 0 1900 600 0
50228 34508 1096 0 1900 600 0
50243 34514 1101 0 1900 600 0
50256 34518 1107 0 1900 590 0
50281 34514 1108 0 1900 590 0
50320 34503 1112 0 1920 580 0
50373 34487 1115 0 1930 580 0
50439 34460 1116 0 1930 580 0
50512 34423 1119 0 1930 580 0
50589 34379 1123 0 1950 580 0
50656 34335 1125 0 1950 580 0
50715 34295 1128 0 1950 590 0
50771 34259 1131 0 1970 590 0
50820 34224 1134 0 1970 590 0
50864 34191 1137 0 1970 590 0
50903 34159 1139 0 1990 590 0
50935 34133 1142 0 1990 590 0
50966 34111 1144 0 1990 590 0
50995 34092 1145 0 1990 590 0
51020 34078 1145 0 1990 590 0
51043 34068 1146 0 1990 590 0
51059 34064 1147 0 1990 600 0
51070 34061 1149 0 1990 600 0
51075 34062 1150 0 1990 600 0
51073 34081 1153 0 1990 600 0
51071 34103 1155 0 1990 600 0
51057 34132 1158 0 1980 600 0
51036 34160 1159 0 1980 600 0
51016 34185 1163 0 1980 600 0
50996 34203 1165 0 1980 600 0
50982 34215 1170 0 1980 600 0
50974 34222 1171 0 1980 600 0
50971 34224 1177 0 1980 600 0
50972 34225 1178 0 1980 600 0
50972 34226 1184 0 1980 600 0
50977 34225 1185 0 1980 600 0
50991 34222 1195 0 1980 600 0
51007 34219 1201 0 1980 600 0
51024 34210 1205 0 1980 600 0
51043 34202 1216 0 1980 600 0
51061 34194 1226 0 1980 600 0
51076 34187 1237 0 1970 590 0
51088 34182 1245 0 1970 590 0
51097 34179 1254 0 1990 590 0
51102 34178 1262 0 1990 590 0
51105 34178 1269 0 1990 590 0
51106 34178 1275 0 1990 590 0
51107 34179 1282 0 1990 590 0
51107 34180 1288 0 1990 590 0
51108 34181 1294 0 1990 590 0
51100 34189 1298 0 1990 590 0
51090 34202 1302 0 1990 590 0
51079 34214 1305 0 1990 590 0
51070 34226 1309 0 1990 590 0
51062 34234 1313 0 1990 590 0
51058 34237 1318 0 1990 590 0
51058 34238 1324 0 1990 590 0
51059 34239 1331 0 1990 590 0
51059 34239 1337 0 1990 590 0
51065 34232 1346 0 1990 590 0
51076 34222 1355 0 1990 590 0
51087 34214 1366 0 1990 590 0
51097 34206 1375 0 1990 590 0
51106 34199 1385 0 1990 590 0
51113 34197 1393 0 1990 590 0
51119 34193 1402 0 1990 590 0
51122 34190 1410 0 1990 590 0
51123 34191 1417 0 1990 590 27
51255 34116 1852 1 1990 590 88
51251 34116 1869 1 1990 590 127
51225 34119 1887 1 1990 590 158
51192 34133 1888 1 1990 590 204
51149 34153 1893 1 2000 580 214
51097 34178 1898 1 2000 580 241
51042 34201 1904 1 2000 580 262
50980 34222 1907 1 2000 580 265
50912 34245 1911 1 2000 580 269
50835 34268 1914 1 1990 590 288
50747 34302 1925 1 1990 590 295
50650 34342 1943 1 1990 590 311
50543 34382 1948 1 1990 590 319
50425 34423 1950 1 1970 590 346
50306 34466 1951 1 1970 590 371
50178 34508 1951 1 1970 590 386
50047 34550 1962 1 1950 590 386
49948 34587 1965 1 1950 590 415
49853 34621 1977 1 1950 590 419
49754 34654 1978 1 1940 590 417
49656 34690 1988 1 1920 590 433
49558 34725 1989 1 1920 590 439
49457 34762 1993 1 1900 600 430
49357 34794 2001 1 1900 600 465
49253 34822 2001 1 1900 600 475
49148 34852 2001 1 1890 600 491
49041 34882 2002 1 1890 600 502
48933 34914 2003 1 1890 600 508
48821 34947 2005 1 1870 590 526
48706 34981 2005 1 1870 590 524
48590 35013 2006 1 1870 590 540
48479 35042 2009 1 1850 590 564
48376 35068 2010 1 1850 590 564
48284 35090 2010 1 1850 590 568
48204 35107 2011 1 1830 590 580
48143 35121 2014 1 1830 590 581
48099 35130 2014 1 1830 590 551
48073 35136 2015 1 1830 590 517
48057 35140 2016 1 1820 590 470
48049 35142 2018 1 1820 590 323
48048 35142 2018 1 1820 590 43
48049 35142 2019 1 1820 590 0
48063 35128 2023 0 1820 590 0
48077 35135 2023 0 1820 590 0
48093 35142 2024 0 1820 590 0
48111 35147 2026 0 1820 590 0
48138 35149 2032 0 1820 590 0
48180 35144 2032 0 1830 580 0
48248 35122 2032 0 1830 580 0
48247 35122 2038 0 1830 580 0
48246 35123 2047 0 1880 380 0
48563 34638 2053 0 1880 390 0
48893 34032 2062 0 1880 390 0
49207 33472 2063 0 1880 400 0
49503 32896 2075 0 1890 410 0
49864 32389 2078 0 1890 420 0
50212 31851 2087 0 1900 440 0
50475 31241 2089 0 1900 450 0
50480 31221 2096 0 1910 440 0
50483 31202 2097 0 1910 440 0
50498 31106 2104 0 1910 450 0
50526 30929 2104 0 1910 450 0
50569 30650 2112 0 1910 450 0
50653 30299 2114 0 1930 460 0
50705 30099 2123 0 1930 460 0
50750 29936 2123 0 1930 460 0
50789 29804 2131 0 1930 470 0
50796 29703 2137 0 1940 480 0
50800 29648 2138 0 1940 490 0
50801 29662 2147 0 1930 500 0
50822 29656 2150 0 1930 500 0
50821 29688 2155 0 1930 500 0
50817 29758 2163 0 1920 500 0
50813 29841 2164 0 1920 500 0
50809 29925 2166 0 1930 510 0
50806 30011 2169 0 1920 520 0
50803 30103 2172 0 1920 530 0
50801 30195 2181 0 1930 540 0
50798 30290 2188 0 1930 540 0
50792 30382 2190 0 1920 550 0
50788 30472 2192 0 1920 560 0
50741 30552 2193 0 1930 570 0
50696 30629 2195 0 1930 570 0
50647 30693 2196 0 1930 570 0
50608 30742 2198 0 1930 570 0
50590 30774 2202 0 1910 580 0
50570 30793 2203 0 1910 580 0
50554 30798 2207 0 1910 570 0
50545 30798 2214 0 1910 570 0
50543 30790 2220 0 1910 570 0
50544 30765 2228 0 1910 570 0
50554 30735 2237 0 1920 560 0
50579 30704 2247 0 1920 560 0
50602 30684 2259 0 1920 560 0
50644 30668 2269 0 1920 560 0
50698 30659 2283 0 1940 560 0
50758 30664 2300 0 1940 560 0
50824 30665 2318 0 1940 560 0
50890 30672 2337 0 1940 560 0
50960 30673 2364 0 1930 550 0
51026 30674 2394 0 1930 550 0
51078 30690 2408 0 1930 550 0
51119 30718 2410 0 1930 550 0
51144 30746 2417 0 1930 550 0
51146 30777 2417 0 1930 550 0
51146 30804 2417 0 1920 550 0
51133 30827 2426 0 1920 550 0
51082 30844 2430 0 1920 550 0
51010 30842 2437 0 1900 560 0
50930 30838 2437 0 1900 560 0
50842 30823 2444 0 1900 560 0
50752 30805 2451 0 1890 560 0
50676 30776 2454 0 1890 570 0
50613 30744 2455 0 1890 570 0
50570 30719 2458 0 1890 570 0
50539 30699 2463 0 1890 570 0
50523 30683 2465 0 1890 570 0
50521 30670 2466 0 1890 570 0
50521 30661 2474 0 1890 570 0
50544 30653 2479 0 1890 570 0
50580 30649 2480 0 1890 570 0
50618 30661 2485 0 1890 570 0
50688 30673 2485 0 1890 570 0
50771 30686 2509 0 1890 570 0
50859 30717 2534 0 1890 570 0
50942 30754 2559 0 1890 570 0
51018 30784 2590 0 1890 570 0
51076 30819 2617 0 1890 570 0
51109 30855 2635 0 1890 570 0
51124 30894 2646 0 1890 570 0
51124 30933 2650 0 1910 570 0
51124 30970 2656 0 1890 570 0
51120 31005 2659 0 1890 570 0
51106 31036 2660 0 1890 570 0
51095 31057 2665 0 1890 570 0
51088 31069 2672 0 1910 570 0
51086 31074 2679 0 1910 570 0
51087 31073 2689 0 1910 570 0
51087 31073 2697 0 1910 570 0
51094 31072 2707 0 1910 570 0
51106 31062 2718 0 1910 570 0
51117 31056 2731 0 1910 570 0
51132 31053 2745 0 1910 570 0
51148 31053 2761 0 1910 570 0
51165 31053 2776 0 1910 570 0
51185 31053 2794 0 1910 570 0
51207 31065 2812 0 1910 570 0
51231 31084 2832 0 1910 570 0
51266 31097 2846 0 1910 570 0
51301 31107 2859 0 1910 570 0
51331 31118 2873 0 1910 570 0
51360 31126 2885 0 1910 570 0
51386 31131 2899 0 1910 570 0
51406 31133 2910 0 1910 570 0
51418 31133 2922 0 1910 570 0
51427 31132 2931 0 1910 570 0
51428 31131 2938 0 1910 570 0
51428 31131 2941 0 1920 560 0
51428 31131 2945 0 1920 560 0
51426 31131 2949 0 1920 560 0
51411 31134 2953 0 1920 560 0
51395 31137 2959 0 1920 560 0
51380 31139 2960 0 1920 560 0
51366 31142 2967 0 1920 560 0
51354 31143 2968 0 1920 560 0
51344 31143 2974 0 1920 560 0
51337 31143 2975 0 1920 560 0
51335 31143 2981 0 1930 570 0
51335 31143 2982 0 1930 570 0
51335 31143 2984 0 1930 570 0
51335 31142 2987 0 1930 570 0
51335 31142 2987 0 1930 570 0
51341 31144 2989 0 1930 570 0
51348 31150 2989 0 1930 570 0
51356 31155 2990 0 1930 570 0
51365 31159 2990 0 1930 570 0
51379 31163 2991 0 1930 570 44
51395 31165 2996 0 1930 570 96
51409 31168 3002 0 1930 570 144
51428 31171 3004 0 1930 570 184
51450 31171 3011 0 1930 570 216
51465 31169 3020 0 1930 580 245
51477 31168 3028 0 1930 580 276
51482 31168 3038 0 1930 580 295
51509 30913 3038 1 1930 580 316
51481 31173 3047 0 1950 580 338
51509 30922 3057 1 1950 580 347
51509 30929 3066 1 1930 580 359
51509 30933 3075 1 1930 580 373
51509 30933 3076 1 1930 580 380
51509 30934 3085 1 1930 580 390
51509 30934 3093 1 1920 580 388
51492 30939 3096 1 1920 580 400
51460 30933 3096 1 1920 580 409
51415 30926 3096 1 1900 590 436
51354 30919 3096 1 1900 600 449
51279 30916 3103 1 1890 600 444
51193 30910 3106 1 1890 600 447
51093 30906 3108 1 1890 600 461
50992 30904 3109 1 1870 600 457
50884 30891 3117 1 1870 600 450
50768 30878 3124 1 1850 600 450
50646 30860 3129 1 1850 600 459
50540 30836 3140 1 1830 600 460
50450 30821 3143 1 1840 610 462
50369 30811 3153 1 1820 610 473
50282 30795 3164 1 1820 610 478
50194 30777 3165 1 1800 610 479
50103 30753 3178 1 1800 610 472
50011 30719 3183 1 1800 610 470
49917 30685 3189 1 1800 610 477
49822 30650 3199 1 1800 610 484
49729 30618 3204 1 1800 620 478
49633 30583 3219 1 1780 620 494
49536 30548 3224 1 1780 620 499
49439 30514 3243 1 1760 620 488
49338 30480 3264 1 1760 620 491
49238 30448 3284 1 1760 620 494
49136 30419 3306 1 1740 620 474
49037 30390 3325 1 1740 630 452
48944 30364 3340 1 1740 630 408
48861 30339 3346 1 1740 630 321
48786 30314 3347 1 1740 630 192
48720 30292 3354 1 1720 630 0
48666 30271 3361 1 1720 630 0
48621 30252 3364 1 1740 630 0
48589 30238 3369 1 1740 630 0
48569 30227 3376 1 1740 630 0
48557 30219 3382 1 1740 630 0
48554 30216 3386 1 1760 630 0
48554 30216 3394 1 1760 630 0
48555 30216 3398 1 1760 630 0
48488 30333 3404 0 1760 630 0
48514 30342 3413 0 1780 620 0
48527 30365 3418 0 1780 610 0
48528 30397 3426 0 1780 600 0
48529 30439 3434 0 1780 590 0
48513 30489 3439 0 1780 580 0
48481 30550 3446 0 1790 560 0
48438 30619 3450 0 1790 540 0
48380 30695 3460 0 1770 520 0
48317 30777 3460 0 1780 500 0
48246 30867 3469 0 1780 480 0
48173 30965 3478 0 1780 470 0
48106 31071 3480 0 1780 460 0
48044 31195 3487 0 1780 450 0
47992 31324 3501 0 1790 440 0
47960 31456 3520 0 1790 420 0
47962 31616 3520 0 1790 420 0
47958 31799 3520 0 1790 420 0
47962 32019 3521 0 1840 520 0
47982 32263 3522 0 1830 530 0
47986 32516 3522 0 1830 530 0
48042 32764 3525 0 1830 530 0
48140 33022 3525 0 1830 530 0
48265 33261 3528 0 1830 540 0
48395 33479 3529 0 1830 540 0
48396 33478 3530 0 1830 540 0
48398 33478 3535 0 1830 550 0
48183 33640 3543 0 1810 550 0
47969 33805 3561 0 1810 550 0
47754 33987 3570 0 1800 550 0
47519 34161 3618 0 1800 550 0
47198 34337 3686 0 1790 550 0
46918 34524 3779 0 1770 550 0
46699 34713 3852 0 1760 550 0
46694 34713 3856 0 1740 550 0
46691 34713 3856 0 1730 550 0
46680 34713 3858 0 1710 550 0
46680 34699 3859 0 1700 550 0
46680 34668 3859 0 1700 550 0
46680 34668 3860 0 1690 540 0
46717 34668 3862 0 1680 530 0
46794 34660 3865 0 1660 530 0
46886 34652 3871 0 1650 530 0
46963 34657 3872 0 1660 520 0
47067 34703 3877 0 1640 520 0
47195 34763 3882 0 1660 520 0
47324 34810 3882 0 1670 520 0
47457 34853 3883 0 1670 520 0
47567 34889 3885 0 1680 520 0
47637 34917 3886 0 1680 520 0
47689 34916 3887 0 1680 520 0
47698 34915 3889 0 1690 530 0
47701 34929 3891 0 1690 530 0
47705 34929 3892 0 1690 530 0
47709 34929 3894 0 1710 530 0
47724 34928 3894 0 1710 530 0
47732 34928 3898 0 1710 530 0
47742 34925 3899 0 1720 530 0
47758 34921 3902 0 1720 530 0
47796 34920 3904 0 1720 530 0
47861 34919 3908 0 1720 530 0
47923 34918 3913 0 1720 530 0
47984 34944 3915 0 1720 530 0
48039 34972 3920 0 1720 540 0
48090 35011 3922 0 1720 540 0
48129 35050 3924 0 1720 540 0
48154 35087 3947 0 1720 540 0
48155 35118 3966 0 1700 540 0
48169 35143 3976 0 1700 550 0
48169 35162 3985 0 1700 550 0
48175 35174 3998 0 1700 550 0
48163 35180 4012 0 1700 550 0
48144 35183 4024 0 1700 550 0
48121 35181 4026 0 1700 550 0
48096 35180 4034 0 1700 550 0
48064 35177 4044 0 1690 540 0
48020 35166 4048 0 1690 540 0
47969 35151 4049 0 1690 540 0
47918 35133 4049 0 1690 540 0
47870 35113 4052 0 1690 540 0
47829 35093 4054 0 1690 540 0
47800 35076 4056 0 1690 540 0
47782 35061 4061 0 1690 540 0
47772 35051 4062 0 1690 540 0
47772 35046 4067 0 1690 540 0
47772 35044 4073 0 1700 550 0
47776 35044 4079 0 1700 550 0
47798 35044 4086 0 1700 560 71
47819 35044 4090 0 1700 560 143
47833 35054 4090 0 1700 560 153
47843 35065 4093 0 1700 560 177
47846 35075 4096 0 1700 560 204
47850 35086 4097 0 1710 560 225
47854 35095 4098 0 1710 560 252
47859 35106 4103 0 1710 560 289
47864 35117 4103 0 1710 570 318
47869 35129 4108 0 1710 570 362
47874 35140 4110 0 1710 570 387
47882 35151 4114 0 1710 570 413
47898 35163 4115 0 1710 570 430
47918 35173 4123 0 1700 580 453
47939 35181 4134 0 1700 580 464
47952 35188 4140 0 1700 580 474
47959 35112 4142 1 1700 590 494
47975 35120 4146 1 1680 580 493
47979 35122 4156 1 1680 580 497
47988 35121 4161 1 1680 590 497
47998 35121 4167 1 1660 590 504
47999 35121 4171 1 1660 590 494
48002 35112 4177 1 1640 600 501
48003 35095 4178 1 1640 600 500
47974 35070 4185 1 1620 610 500
47925 35037 4186 1 1620 610 510
47861 34993 4188 1 1590 610 521
47779 34934 4190 1 1590 610 524
47688 34868 4195 1 1570 610 529
47590 34784 4205 1 1560 620 529
47488 34685 4214 1 1550 620 536
47359 34534 4222 1 1540 630 535
47196 34332 4225 1 1520 620 542
47036 34089 4229 1 1510 630 537
46857 33877 4230 1 1490 630 502
46659 33661 4231 1 1480 630 465
46480 33467 4232 1 1480 630 340
46340 33338 4236 1 1460 630 92
46215 33214 4238 1 1450 640 0
46118 33103 4240 1 1450 640 0
46040 33000 4240 1 1450 640 0
45937 32900 4245 1 1430 630 0
45848 32805 4246 1 1450 640 0
45780 32717 4246 1 1450 640 0
45732 32639 4251 1 1450 640 0
45694 32572 4257 1 1450 640 0
45666 32518 4262 1 1450 640 0
45643 32477 4264 1 1680 460 0
45625 32445 4270 1 1680 470 0
45611 32421 4276 1 1680 470 0
45601 32405 4276 1 1680 470 0
45596 32395 4283 1 1670 480 0
45596 32389 4290 1 1670 480 0
45599 32389 4291 1 1670 490 0
45577 32315 4302 0 1670 500 0
45651 32366 4305 0 1660 510 0
45723 32429 4314 0 1640 520 0
45771 32496 4319 0 1640 530 0
45827 32540 4325 0 1620 530 0
45881 32558 4335 0 1620 540 0
45928 32557 4348 0 1600 540 0
45974 32494 4349 0 1600 540 0
45974 32493 4349 0 1600 540 0
46232 31163 4356 0 1580 550 0
46233 31152 4356 0 1580 550 0
46233 31141 4373 0 1580 550 0
46226 31090 4379 0 1560 550 0
46187 30998 4383 0 1560 550 0
46089 30855 4389 0 1570 540 0
45945 30657 4399 0 1580 540 0
45854 30559 4405 0 1590 530 0
45777 30485 4408 0 1600 520 0
45692 30422 4415 0 1610 520 0
45617 30397 4448 0 1620 520 0
45566 30397 4454 0 1610 520 0
45538 30432 4457 0 1620 530 0
45538 30521 4472 0 1620 530 0
45549 30642 4502 0 1630 540 0
45549 30762 4512 0 1640 550 0
45550 30883 4532 0 1630 560 0
45549 31000 4535 0 1640 570 0
45529 31100 4540 0 1640 580 0
45524 31212 4542 0 1650 580 0
45522 31322 4546 0 1650 590 0
45521 31430 4551 0 1660 600 0
45520 31532 4553 0 1660 600 0
45520 31627 4558 0 1670 610 0
45527 31714 4559 0 1660 620 0
45539 31793 4560 0 1660 630 0
45556 31859 4564 0 1660 630 0
45577 31907 4567 0 1680 630 0
45594 31910 4567 0 1680 630 0
45612 31911 4570 0 1680 630 0
45633 31906 4572 0 1680 630 0
45658 31912 4574 0 1680 630 0
45689 31925 4575 0 1680 630 0
45726 31914 4575 0 1680 630 0
45753 31916 4580 0 1680 630 0
45780 31907 4581 0 1680 630 0
45809 31889 4590 0 1680 630 0
45835 31884 4592 0 1680 630 0
45857 31883 4593 0 1680 630 0
45862 31882 4599 0 1680 630 0
45865 31882 4603 0 1660 620 0
45873 31883 4610 0 1660 620 0
45873 31907 4610 0 1660 620 0
45872 31929 4615 0 1660 620 0
45858 31959 4619 0 1670 610 0
45836 31994 4620 0 1670 610 0
45815 32034 4625 0 1670 610 0
45794 32079 4636 0 1670 610 0
45773 32124 4638 0 1670 610 0
45755 32161 4638 0 1670 610 0
45736 32185 4638 0 1670 610 0
45708 32199 4648 0 1670 610 0
45681 32204 4651 0 1670 610 0
45659 32204 4655 0 1670 610 0
45642 32198 4657 0 1670 610 0
45632 32193 4659 0 1670 610 0
45625 32191 4659 0 1670 610 0
45623 32190 4665 0 1670 610 0
45623 32190 4666 0 1670 610 22
45623 32188 4667 0 1670 610 91
45623 32184 4671 0 1670 610 105
45628 32184 4674 0 1670 610 124
45636 32184 4676 0 1670 610 134
45642 32184 4683 0 1670 610 153
45645 32183 4688 0 1670 610 190
45645 32181 4692 0 1670 610 202
45645 32181 4695 0 1670 610 215
45645 32181 4698 0 1670 610 228
45636 32178 4698 0 1670 610 242
45624 32172 4700 0 1670 610 247
45611 32167 4700 0 1670 610 257
45598 32168 4710 0 1690 620 271
45584 32179 4713 0 1690 620 288
45573 32185 4727 0 1690 620 295
45565 32191 4745 0 1690 620 298
45602 32267 4914 1 1690 620 300
45595 32280 4916 1 1690 620 300
45595 32282 4925 1 1690 620 297
45595 32282 4934 1 1690 620 298
45596 32282 4944 1 1710 620 309
45606 32278 4964 1 1710 620 317
45622 32257 4988 1 1710 610 319
45644 32231 5016 1 1710 610 334
45671 32201 5042 1 1710 610 343
45702 32176 5069 1 1710 610 349
45734 32156 5104 1 1730 610 362
45770 32132 5138 1 1730 600 362
45809 32108 5172 1 1730 600 366
45853 32081 5207 1 1730 600 364
45904 32049 5236 1 1730 600 362
45962 32016 5260 1 1730 600 370
46030 31978 5286 1 1730 600 364
46087 31939 5308 1 1730 600 372
46127 31903 5328 1 1730 600 369
46170 31866 5345 1 1750 600 371
46215 31824 5347 1 1750 600 377
46260 31784 5357 1 1750 600 372
46311 31745 5357 1 1750 600 369
46363 31706 5362 1 1750 600 368
46426 31652 5371 1 1750 600 369
46500 31585 5375 1 1750 600 374
46576 31519 5376 1 1750 600 387
46659 31454 5386 1 1750 600 403
46738 31394 5390 1 1750 600 412
46811 31347 5393 1 1750 600 421
46883 31309 5404 1 1770 600 426
46956 31278 5404 1 1770 600 439
47035 31247 5409 1 1770 600 440
47112 31215 5426 1 1760 610 441
47180 31169 5431 1 1760 610 445
47255 31115 5437 1 1760 610 448
47337 31055 5442 1 1760 610 467
47424 30998 5450 1 1780 610 487
47497 30935 5454 1 1780 610 483
47563 30879 5458 1 1780 610 467
47625 30827 5462 1 1780 610 414
47683 30781 5466 1 1780 610 304
47737 30741 5470 1 1780 610 52
47792 30702 5474 1 1800 610 0
47849 30664 5478 1 1800 610 0
47909 30625 5482 1 1800 610 0
47969 30583 5485 1 1800 610 0
48029 30540 5490 1 1800 610 0
48087 30499 5496 1 1800 610 0
48138 30461 5506 1 1800 610 0
48178 30432 5514 1 1800 610 0
48203 30412 5522 1 1800 610 0
48215 30402 5530 1 1800 610 0
48219 30399 5538 1 1800 610 0
48220 30399 5544 1 1710 610 0
48220 30399 5552 1 1710 610 0
48220 30399 5552 1 1730 610 0
48220 30400 5557 1 1750 610 0
48220 30400 5559 1 1760 620 0
48220 30400 5562 1 1780 620 0
48126 30415 5567 0 1800 610 0
48105 30459 5568 0 1800 610 0
48084 30507 5575 0 1800 590 0
48072 30548 5577 0 1800 580 0
48072 30549 5582 0 1810 560 0
48072 30549 5584 0 1830 550 0
48076 30551 6053 0 1830 540 0
48076 30551 6061 0 1840 530 0
48077 30551 6068 0 1840 520 0
48077 30551 6076 0 1850 510 0
48077 30551 6083 0 1860 500 0
48077 30551 6090 0 1870 490 0
48077 30550 6097 0 1870 480 0
48077 30550 6103 0 1860 470 0
48077 30550 6110 0 1860 470 0
48077 30550 6117 0 1850 460 0
48077 30550 6123 0 1850 460 0
48077 30550 6130 0 1850 460 0
48077 30550 6137 0 1850 460 0
48077 30550 6144 0 1850 470 0
48077 30550 6150 0 1860 480 0
48077 30550 6157 0 1860 490 0
48077 30550 6164 0 1860 500 0
48077 30550 6171 0 1860 500 0
48077 30550 6178 0 1860 510 0
48077 30550 6185 0 1850 510 0
48077 30550 6192 0 1850 510 0
48077 30550 6194 0 1850 520 0
48077 30550 6201 0 1850 520 0
48077 30550 6208 0 1850 520 0
48077 30550 6215 0 1840 520 0
48077 30550 6222 0 1840 520 0
48077 30550 6229 0 1840 530 0
48077 30550 6236 0 1840 530 0
48076 30550 6240 0 1840 530 0
48304 30780 6242 0 1840 530 0
48542 31012 6248 0 1840 530 0
48785 31238 6251 0 1840 540 0
49026 31463 6267 0 1840 540 0
49265 31687 6268 0 1840 540 0
49505 31901 6269 0 1840 540 0
49740 32111 6270 0 1840 540 0
49731 32114 6273 0 1840 540 0
49722 32117 6278 0 1830 540 0
49639 32123 6283 0 1830 540 0
49497 32127 6298 0 1830 540 0
49282 32130 6311 0 1830 540 0
48966 32127 6313 0 1810 540 0
48727 32121 6316 0 1810 540 0
48656 32095 6324 0 1810 540 0
48662 32057 6333 0 1810 540 0
48704 31989 6345 0 1800 540 0
48703 31904 6355 0 1800 550 0
48632 31828 6365 0 1800 550 0
48622 31769 6374 0 1800 550 0
48629 31736 6384 0 1800 550 0
48688 31704 6394 0 1800 550 0
48767 31674 6405 0 1800 560 0
48821 31644 6414 0 1800 560 0
48868 31621 6423 0 1800 560 0
48904 31622 6431 0 1800 560 0
48912 31622 6440 0 1800 560 0
48917 31619 6447 0 1800 560 0
48919 31609 6456 0 1800 560 0
48932 31604 6463 0 1800 560 0
48932 31604 6471 0 1800 560 0
48911 31604 6479 0 1800 560 0
48884 31604 6487 0 1800 560 0
48856 31603 6495 0 1800 560 0
48833 31604 6502 0 1800 560 0
48826 31608 6510 0 1800 560 0
48823 31609 6517 0 1800 560 0
48812 31609 6526 0 1800 560 0
48809 31609 6533 0 1800 560 0
48809 31609 6541 0 1800 560 0
48813 31610 6549 0 1800 560 0
48828 31613 6557 0 1800 560 0
48843 31617 6565 0 1800 560 0
48848 31629 6573 0 1800 560 0
48867 31647 6580 0 1800 560 0
48879 31660 6588 0 1800 560 0
48895 31663 6596 0 1800 560 0
48910 31673 6604 0 1800 560 0
48924 31674 6611 0 1800 560 0
48928 31674 6620 0 1800 560 0
48937 31674 6627 0 1800 560 0
48943 31672 6636 0 1800 560 0
48948 31658 6643 0 1800 560 0
48953 31641 6652 0 1800 560 0
48957 31622 6660 0 1800 560 0
48959 31606 6669 0 1800 560 0
48960 31594 6676 0 1800 560 0
48960 31586 6685 0 1800 560 0
48960 31584 6692 0 1800 560 0
48959 31584 6701 0 1800 560 0
48959 31584 6708 0 1800 560 0
48959 31584 6716 0 1800 560 0
48959 31584 6724 0 1800 560 0
48957 31584 6732 0 1800 560 0
48952 31588 6740 0 1800 560 0
48944 31592 6748 0 1800 560 0
48935 31595 6756 0 1800 560 0
48921 31596 6763 0 1800 560 0
48908 31596 6771 0 1800 560 0
48894 31596 6779 0 1800 560 0
48884 31596 6787 0 1800 560 0
48878 31592 6794 0 1800 560 0
48878 31577 6803 0 1800 570 0
48878 31561 6811 0 1800 570 35
48877 31543 6820 0 1800 570 151
48878 31528 6827 0 1800 570 195
48891 31513 6836 0 1800 570 234
48903 31501 6844 0 1800 570 249
48917 31491 6852 0 1800 570 255
48933 31482 6860 0 1800 580 266
48950 31478 6868 0 1800 580 286
48969 31474 6876 0 1780 580 318
48988 31474 6885 0 1780 580 321
49005 31475 6892 0 1780 580 335
49022 31475 6901 0 1780 580 351
49035 31476 6908 0 1780 580 366
49042 31476 6917 0 1800 580 383
49045 31480 6924 0 1800 580 388
49045 31486 6933 0 1800 580 388
49045 31494 6940 0 1800 580 403
49040 31499 6948 0 1800 590 405
49024 31503 6955 0 1800 590 404
49010 31504 6964 0 1800 590 415
48998 31503 6971 0 1800 590 416
48991 31503 6980 0 1800 590 426
48990 31503 6989 0 1800 590 429
48990 31503 6996 0 1800 590 428
48989 31503 7005 0 1800 590 432
48990 31498 7013 0 1800 590 429
48998 31495 7022 0 1800 600 430
49003 31494 7029 0 1820 600 450
49004 31494 7038 0 1820 600 448
49004 31494 7045 0 1820 600 448
49004 31494 7054 0 1820 600 457
48993 31494 7062 0 1840 610 456
48976 31503 7070 0 1840 610 465
48956 31517 7077 0 1840 610 459
48935 31531 7085 0 1850 610 466
48915 31545 7091 0 1850 610 470
48895 31559 7099 0 1850 610 480
48876 31570 7106 0 1850 610 485
48856 31581 7114 0 1870 620 494
48836 31591 7121 0 1870 620 504
48813 31600 7130 0 1870 620 525
48790 31611 7137 0 1890 620 523
48766 31622 7145 0 1890 610 518
48742 31632 7152 0 1890 610 523
48720 31642 7160 0 1890 610 508
48705 31653 7167 0 1890 610 491
48692 31659 7175 0 1890 610 411
48682 31666 7182 0 1890 610 244
48684 31722 7202 1 1900 600 0
48671 31731 7212 1 1900 600 0
48665 31678 7221 0 1900 600 0
48667 31735 7231 1 1900 600 0
48667 31735 7239 1 1900 590 0
48668 31735 7249 1 1920 580 0
48668 31734 7257 1 1910 580 0
48677 31733 7267 1 1920 560 0
48701 31722 7275 1 1930 550 0
48734 31702 7283 1 1930 540 0
48776 31678 7291 1 1920 530 0
48824 31651 7298 1 1910 530 0
48875 31617 7303 1 1900 520 0
48934 31579 7309 1 1900 510 0
49005 31527 7320 1 1880 500 0
49083 31468 7335 1 1870 500 0
49166 31404 7351 1 1870 490 0
49255 31334 7372 1 1860 490 0
49347 31259 7391 1 1850 490 0
49442 31180 7410 1 1840 480 0
49543 31097 7426 1 1830 480 0
49645 31011 7440 1 1820 480 0
49751 30929 7441 1 1800 490 0
49850 30842 7445 1 1800 490 0
49950 30753 7447 1 1790 490 0
50048 30665 7451 1 1790 500 0
50141 30580 7457 1 1780 510 0
50234 30491 7457 1 1780 510 0
50325 30400 7466 1 1770 520 0
50416 30310 7473 1 1770 520 0
50502 30224 7473 1 1770 520 0
50598 30144 7476 1 1770 520 0
50699 30065 7482 1 1770 530 0
50788 29991 7486 1 1770 530 0
50871 29923 7490 1 1770 530 0
50936 29877 7491 1 1790 530 0
50991 29837 7497 1 1790 530 0
51038 29802 7497 1 1790 530 0
51079 29771 7497 1 1800 540 0
51113 29744 7498 1 1800 540 0
51139 29724 7498 1 1800 540 0
51161 29709 7499 1 1800 540 0
51177 29697 7499 1 1800 550 0
51190 29685 7502 1 1800 550 0
51202 29674 7502 1 1800 550 0
51213 29660 7505 1 1800 550 0
51227 29644 7505 1 1810 560 0
51239 29629 7505 1 1810 560 0
51248 29614 7506 1 1810 560 0
51263 29846 7507 0 1830 560 0
51262 29840 7507 0 1830 560 0
51263 29843 7510 0 1830 560 0
51247 29866 7511 0 1830 560 0
51239 29884 7512 0 1830 560 0
51239 29884 7512 0 1830 560 0
51239 29883 7513 0 1830 560 0
51257 29845 7515 0 1830 560 0
51306 29789 7517 0 1830 560 0
51364 29716 7521 0 1830 560 0
51421 29633 7521 0 1830 560 0
51464 29543 7522 0 1830 560 0
51496 29455 7523 0 1830 560 0
51517 29371 7527 0 1830 560 0
51528 29276 7528 0 1830 560 0
51523 29196 7534 0 1830 560 0
51518 29135 7537 0 1830 560 0
51515 29094 7540 0 1830 570 0
51515 29093 7541 0 1830 570 0
51521 29093 7542 0 1830 570 0
51527 29093 7549 0 1830 570 97
51527 29078 7552 0 1830 570 135
51527 29078 7554 0 1830 570 150
51518 29114 7556 0 1850 570 177
51495 29194 7577 0 1850 580 205
51457 29257 7612 0 1850 580 212
51416 29330 7649 0 1850 580 245
51396 29392 7672 0 1850 580 266
51377 29454 7687 0 1850 580 284
51362 29519 7699 0 1860 580 300
51352 29585 7711 0 1870 590 303
51343 29645 7721 0 1870 590 332
51335 29695 7732 0 1870 590 350
51327 29736 7739 0 1870 590 364
51325 29767 7744 0 1870 590 378
51323 29785 7750 0 1870 590 390
51317 29786 7760 0 1870 590 405
51312 29785 7768 0 1850 600 406
51309 29786 7777 0 1850 600 417
51308 29785 7784 0 1850 600 438
51307 29774 7793 0 1850 600 456
51306 29755 7803 0 1850 600 469
51305 29735 7812 0 1850 600 479
51303 29713 7822 0 1850 610 488
51302 29693 7830 0 1850 610 500
51300 29677 7839 0 1840 610 499
51302 29674 7845 0 1840 620 505
51302 29664 7852 0 1840 620 513
51301 29660 7859 0 1840 620 522
51301 29660 7867 0 1840 620 527
51301 29660 7874 0 1840 630 531
51297 29659 7883 0 1840 630 541
51286 29660 7893 0 1820 630 551
51277 29662 7904 0 1820 630 551
51277 29669 7911 0 1820 630 557
51276 29676 7919 0 1820 630 568
51277 29686 7925 0 1820 630 564
51278 29694 7933 0 1800 630 584
51280 29703 7939 0 1800 630 593
51289 29716 7943 0 1800 630 592
51293 29730 7948 0 1800 630 614
51301 29748 7952 0 1800 630 613
51307 29769 7955 0 1800 630 609
51310 29793 7960 0 1800 630 619
51313 29817 7964 0 1800 630 623
51315 29842 7969 0 1800 630 628
51321 29864 7973 0 1780 630 629
51326 29876 7978 0 1780 630 615
51330 29884 7983 0 1780 630 592
51279 29669 7996 1 1780 630 542
51286 29672 8055 1 1760 630 458
51342 29887 8062 0 1760 640 304
51290 29673 8070 1 1760 640 52
51294 29670 8077 1 1760 640 0
51294 29650 8086 1 1760 640 0
51295 29622 8094 1 1760 640 0
51295 29584 8104 1 1760 640 0
51294 29537 8113 1 1760 640 0
51285 29479 8123 1 1760 630 0
51273 29418 8133 1 1760 630 0
51255 29351 8144 1 1760 620 0
51234 29289 8154 1 1760 620 0
51207 29223 8165 1 1760 610 0
51176 29156 8182 1 1770 600 0
51143 29080 8224 1 1770 600 0
51107 28999 8267 1 1770 590 0
51075 28909 8291 1 1750 590 0
51040 28827 8307 1 1750 580 0
51002 28754 8322 1 1740 580 0
50961 28684 8331 1 1740 580 0
50921 28615 8332 1 1720 570 0
50877 28540 8333 1 1720 570 0
50830 28463 8335 1 1740 570 0
50784 28396 8336 1 1740 570 0
50736 28328 8338 1 1750 570 0
50691 28262 8342 1 1750 570 0
50643 28197 8343 1 1770 570 0
50598 28130 8349 1 1770 580 0
50552 28054 8353 1 1780 580 0
50503 27981 8356 1 1780 580 0
50446 27918 8356 1 1770 580 0
50383 27866 8362 1 1780 590 0
50316 27819 8365 1 1780 590 0
50246 27693 8373 1 1780 590 0
50178 27598 8374 1 1800 590 0
50103 27513 8380 1 1800 590 0
50032 27440 8381 1 1800 590 0
49965 27374 8382 1 1800 590 0
49907 27318 8382 1 1800 590 0
49859 27268 8383 1 1800 580 0
49822 27229 8387 1 1780 580 0
49792 27201 8390 1 1780 580 0
49771 27181 8403 1 1770 580 0
49757 27167 8406 1 1770 580 0
49746 27159 8426 1 1770 580 0
49738 27152 8427 1 1770 570 0
49732 27146 8428 1 1770 570 0
49727 27142 8431 1 1770 570 0
49724 27140 8439 1 1770 570 0
49723 27138 8452 1 1770 570 0
49721 27136 8460 1 1770 570 0
49718 27131 8473 1 1770 570 0
49715 27127 8477 1 1770 570 0
49879 27097 8508 0 1770 570 0
49879 27096 8510 0 1750 570 0
49874 27096 8517 0 1750 570 0
49850 27095 8519 0 1750 570 0
49835 27094 8534 0 1750 570 0
49835 27094 8534 0 1740 570 0
49835 27085 8547 0 1750 570 0
49834 27055 8547 0 1750 570 0
49832 27017 8551 0 1750 580 0
49820 26974 8557 0 1750 580 0
49800 26930 8559 0 1750 580 0
49749 26889 8563 0 1770 580 0
49650 26854 8563 0 1770 580 0
49554 26827 8565 0 1770 580 0
49451 26807 8570 0 1770 580 0
49345 26792 8570 0 1770 580 0
49251 26780 8578 0 1780 580 0
49168 26772 8579 0 1780 580 0
49101 26769 8583 0 1780 580 0
49056 26766 8587 0 1780 580 0
49047 26762 8597 0 1780 580 0
49046 26760 8599 0 1780 580 0
49038 26759 8601 0 1780 590 0
49051 26760 8605 0 1780 590 0
49096 26760 8608 0 1780 590 0
49157 26765 8610 0 1780 590 0
49232 26775 8610 0 1780 590 0
49315 26787 8611 0 1780 590 0
49414 26804 8626 0 1780 590 0
49520 26825 8660 0 1780 590 0
49631 26853 8698 0 1780 590 0
49734 26888 8733 0 1780 590 0
49823 26928 8766 0 1780 590 0
49891 26976 8800 0 1780 590 0
49930 27027 8822 0 1780 590 0
49942 27080 8842 0 1780 590 0
49944 27131 8861 0 1780 590 0
49919 27176 8877 0 1780 590 0
49867 27215 8898 0 1780 590 0
49797 27243 8917 0 1780 590 0
49723 27256 8930 0 1780 590 0
49650 27258 8941 0 1780 590 0
49590 27253 8958 0 1780 590 0
49544 27250 8972 0 1780 590 0
49511 27225 8979 0 1780 590 0
49487 27199 8982 0 1780 590 0
49475 27176 8985 0 1780 590 0
49474 27156 8986 0 1780 590 0
49474 27141 8989 0 1780 590 0
49481 27131 8991 0 1780 590 0
49505 27129 8994 0 1780 590 0
49533 27131 8997 0 1780 590 0
49564 27133 9001 0 1780 590 0
49596 27135 9003 0 1780 590 0
49632 27148 9010 0 1780 590 0
49672 27167 9021 0 1780 590 0
49713 27186 9033 0 1780 590 0
49751 27202 9044 0 1780 590 0
49779 27213 9054 0 1780 590 0
49798 27218 9062 0 1780 590 0
49805 27219 9070 0 1780 590 0
49805 27220 9078 0 1780 590 0
49805 27220 9086 0 1780 590 0
49802 27220 9093 0 1780 590 0
49785 27219 9101 0 1780 590 0
49765 27218 9108 0 1780 590 0
49745 27216 9117 0 1780 590 0
49728 27203 9122 0 1780 590 0
49711 27191 9126 0 1780 590 0
49697 27178 9131 0 1780 590 0
49688 27165 9136 0 1780 590 0
49685 27153 9142 0 1780 590 0
49685 27139 9146 0 1780 590 0
49684 27127 9152 0 1780 590 0
49689 27119 9158 0 1780 590 0
49705 27114 9165 0 1780 590 0
49720 27112 9173 0 1780 590 0
49733 27113 9181 0 1780 590 0
49743 27113 9189 0 1780 590 0
49749 27113 9197 0 1780 590 0
49753 27114 9204 0 1800 590 0
49754 27114 9213 0 1800 590 0
49754 27119 9221 0 1800 590 0
49754 27123 9230 0 1800 590 0
49754 27128 9239 0 1800 590 0
49741 27131 9247 0 1800 590 0
49726 27133 9255 0 1800 590 0
49713 27134 9263 0 1800 600 0
49702 27134 9270 0 1800 600 0
49695 27134 9279 0 1800 600 0
49692 27134 9286 0 1800 600 0
49692 27134 9294 0 1800 600 0
49692 27134 9301 0 1800 600 16
49696 27135 9310 0 1800 600 82
49713 27136 9317 0 1800 600 141
49734 27137 9326 0 1800 600 193
49756 27137 9334 0 1800 600 235
49778 27138 9343 0 1800 600 266
49796 27139 9351 0 1800 600 286
49811 27140 9358 0 1800 600 341
49823 27140 9367 0 1800 600 343
49831 27140 9374 0 1800 600 353
49837 27141 9382 0 1800 600 371
49839 27141 9389 0 1800 610 374
49839 27141 9398 0 1800 610 392
49838 27142 9405 0 1800 610 402
49838 27147 9414 0 1800 610 418
49824 27151 9422 0 1800 610 435
49806 27157 9432 0 1800 610 458
49787 27160 9439 0 1780 610 462
49770 27163 9448 0 1780 610 467
49755 27164 9455 0 1780 610 485
49747 27164 9462 0 1760 620 481
49743 27163 9469 0 1760 620 491
49742 27163 9477 0 1760 620 491
49742 27163 9484 0 1740 620 480
49747 27155 9491 0 1740 620 490
49763 27149 9498 0 1730 620 471
49778 27146 9506 0 1730 620 484
49792 27144 9513 0 1730 620 482
49803 27145 9521 0 1700 630 493
49812 27146 9528 0 1700 630 485
49819 27146 9536 0 1680 630 505
49825 27146 9543 0 1680 630 510
49829 27147 9551 0 1660 620 513
49831 27147 9558 0 1660 630 510
49833 27147 9566 0 1660 630 514
49832 27147 9573 0 1640 630 499
49832 27147 9581 0 1640 630 497
49832 27147 9588 0 1640 630 493
49831 27147 9596 0 1620 630 485
49822 27147 9604 0 1620 630 486
49813 27147 9610 0 1620 630 476
49807 27146 9618 0 1620 630 450
49805 27151 9625 0 1600 630 406
49804 27155 9633 0 1600 630 302
49804 27158 9641 0 1600 630 140
49805 27159 9643 0 1600 630 0
49820 27160 9649 0 1600 630 0
49839 27161 9650 0 1600 630 0
49859 27162 9650 0 1600 630 0
49874 27162 9655 0 1600 630 0
49703 27165 9656 1 1600 630 0
49881 27163 9658 0 1580 620 0
49714 27171 9662 1 1580 620 0
49714 27171 9664 1 1590 610 0
49713 27171 9666 1 1590 610 0
49712 27172 9669 1 1600 600 0
49708 27171 9672 1 1610 600 0
49692 27164 9674 1 1610 600 0
49664 27152 9674 1 1610 590 0
49626 27130 9678 1 1620 580 0
49581 27105 9680 1 1610 570 0
49526 27078 9681 1 1630 570 0
49468 27049 9685 1 1630 560 0
49406 27022 9689 1 1640 550 0
49340 26994 9689 1 1640 540 0
49266 26979 9696 1 1660 530 0
49188 26963 9697 1 1670 520 0
49104 26948 9698 1 1670 510 0
49007 26936 9700 1 1690 510 0
48905 26924 9702 1 1690 510 0
48790 26910 9707 1 1690 510 0
48672 26894 9715 1 1700 520 0
48557 26878 9728 1 1700 520 0
48443 26862 9743 1 1710 520 0
48340 26851 9758 1 1710 520 0
48237 26842 9775 1 1720 520 0
48150 26835 9778 1 1730 510 0
48078 26825 9787 1 1730 510 0
47999 26816 9795 1 1740 520 0
47914 26808 9801 1 1740 520 0
47819 26793 9805 1 1750 520 0
47726 26782 9817 1 1760 520 0
47638 26773 9837 1 1770 520 0
47559 26766 9855 1 1780 510 0
47491 26759 9872 1 1780 500 0
47435 26753 9887 1 1780 500 0
47386 26748 9901 1 1780 490 0
47348 26744 9912 1 1770 490 0
47317 26742 9924 1 1770 490 0
47293 26740 9934 1 1770 480 0
47279 26740 9944 1 1770 480 0
47270 26739 9953 1 1770 480 0
47267 26739 9961 1 1770 480 0
47267 26739 9967 1 1750 490 0
47267 26739 9973 1 1750 490 0
47267 26739 9979 1 1740 490 0
47115 26749 10073 0 1730 490 0
47163 26754 10078 0 1730 500 0
47199 26762 10082 0 1710 520 0
47235 26773 10088 0 1700 520 0
47276 26786 10090 0 1690 530 0
47322 26803 10090 0 1690 530 0
47376 26822 10100 0 1710 520 0
47433 26845 10112 0 1710 520 0
47476 26869 10116 0 1720 530 0
47520 26893 10129 0 1720 530 0
47559 26919 10133 0 1720 530 0
47597 26947 10140 0 1720 540 0
47632 26979 10151 0 1700 540 0
47669 27016 10152 0 1720 540 0
47707 27061 10161 0 1720 540 0
47746 27114 10173 0 1710 530 0
47791 27177 10175 0 1710 530 0
47837 27256 10177 0 1700 520 0
47890 27352 10185 0 1690 510 0
47949 27467 10198 0 1690 510 0
48013 27582 10206 0 1680 520 0
48074 27654 10216 0 1670 520 0
48122 27756 10232 0 1660 530 0
48155 27889 10235 0 1640 540 0
48159 28037 10240 0 1640 550 0
48174 28209 10240 0 1630 550 0
48174 28417 10242 0 1610 550 0
48175 28622 10243 0 1590 550 0
48174 28811 10246 0 1590 550 0
48171 29024 10248 0 1590 550 0
48176 29249 10250 0 1590 550 0
48164 29503 10252 0 1590 550 0
48155 29793 10253 0 1580 560 0
48183 30080 10255 0 1580 560 0
48238 30398 10255 0 1580 560 0
48322 30731 10256 0 1570 560 0
48464 31071 10257 0 1570 560 0
48642 31402 10257 0 1570 560 0
48857 31727 10259 0 1570 560 0
49089 32033 10259 0 1590 550 0
49294 32311 10259 0 1590 550 0
49416 32548 10260 0 1600 540 0
49427 32732 10271 0 1610 550 0
49338 32859 10275 0 1620 540 0
49101 32938 10275 0 1620 540 0
48779 32904 10277 0 1630 540 0
48426 32913 10277 0 1630 540 0
48046 32842 10281 0 1640 540 0
47685 32719 10282 0 1660 540 0
47346 32553 10286 0 1660 540 0
47089 32367 10288 0 1670 540 0
46943 32170 10290 0 1670 540 0
46992 31987 10291 0 1690 540 0
47070 31834 10294 0 1690 540 0
46885 31703 10298 0 1690 540 0
46876 31585 10299 0 1690 540 0
46814 31486 10301 0 1690 540 0
46815 31408 10302 0 1690 540 0
46831 31352 10303 0 1680 550 0
46909 31317 10305 0 1680 550 0
46967 31318 10306 0 1680 550 0
47040 31321 10310 0 1680 550 0
47133 31325 10313 0 1680 550 0
47247 31348 10316 0 1680 550 0
47375 31421 10317 0 1680 550 0
47494 31491 10332 0 1680 550 0
47610 31564 10333 0 1680 550 0
47710 31635 10337 0 1680 550 0
47784 31700 10349 0 1680 550 0
47821 31762 10359 0 1680 550 0
47824 31811 10366 0 1680 550 0
47819 31854 10373 0 1680 550 0
47779 31884 10379 0 1680 560 0
47728 31899 10387 0 1680 560 0
47665 31898 10392 0 1680 560 0
47593 31884 10395 0 1680 560 0
47520 31832 10396 0 1690 570 0
47457 31767 10399 0 1690 570 0
47413 31694 10400 0 1690 580 0
47407 31621 10402 0 1690 580 0
47406 31548 10404 0 1690 580 0
47405 31477 10404 0 1690 580 0
47440 31409 10404 0 1690 580 0
47496 31352 10416 0 1690 580 0
47560 31304 10431 0 1690 580 0
47630 31267 10446 0 1690 580 0
47705 31241 10460 0 1690 580 0
47783 31228 10475 0 1690 580 0
47868 31231 10490 0 1690 580 0
47959 31235 10506 0 1690 580 86
48051 31242 10520 0 1680 580 141
48134 31247 10537 0 1680 580 180
48202 31263 10551 0 1680 580 211
48254 31282 10564 0 1680 580 230
48290 31298 10574 0 1680 580 245
48321 31317 10585 0 1680 580 258
48346 31334 10594 0 1680 580 261
48371 31354 10604 0 1680 580 274
48397 31376 10613 0 1680 580 273
48419 31394 10623 0 1680 580 289
48440 31408 10631 0 1680 580 305
48455 31417 10640 0 1680 590 334
48462 31422 10646 0 1680 590 351
48462 31423 10653 0 1680 590 367
48463 31423 10659 0 1680 590 370
48463 31426 10666 0 1660 600 374
48457 31428 10671 0 1660 600 409
48448 31432 10677 0 1660 600 418
48444 31438 10683 0 1630 610 431
48444 31442 10689 0 1630 610 435
48444 31450 10696 0 1620 610 445
48448 31456 10703 0 1610 620 435
48463 31463 10711 0 1610 620 450
48477 31471 10719 0 1580 620 475
48490 31477 10727 0 1580 620 486
48500 31481 10734 0 1570 630 492
48505 31485 10741 0 1550 630 516
48506 31488 10747 0 1540 640 524
48506 31489 10753 0 1530 630 538
48506 31491 10759 0 1510 640 545
48506 31493 10766 0 1510 640 546
48508 31495 10772 0 1500 640 563
48514 31499 10779 0 1500 640 569
48521 31500 10786 0 1500 640 571
48528 31501 10793 0 1500 640 593
48533 31504 10799 0 1480 630 574
48536 31507 10806 0 1460 640 569
48537 31512 10812 0 1460 640 559
48539 31519 10819 0 1460 640 529
48540 31527 10825 0 1450 640 484
48545 31537 10832 0 1450 640 382
48556 31548 10839 0 1450 640 164
48571 31560 10848 0 1450 640 0
48595 31574 10857 0 1450 640 0
48625 31589 10872 0 1450 640 0
48659 31606 10886 0 1460 630 0
48695 31625 10901 0 1460 630 0
48727 31638 10915 0 1460 630 0
48750 31646 10927 0 1460 630 0
48765 31653 10938 0 1480 630 0
48794 31562 10938 1 1490 630 0
48802 31570 10954 1 1490 630 0
48773 31662 10956 0 1790 510 0
48802 31574 10956 1 1800 520 0
48802 31574 10966 1 1800 520 0
48802 31574 10971 1 1800 520 0
48801 31574 10977 1 1800 530 0
48773 31551 10986 1 1800 530 0
48722 31513 10990 1 1800 540 0
48653 31461 10992 1 1800 540 0
48562 31396 10999 1 1800 540 0
48460 31320 11006 1 1800 530 0
48348 31240 11006 1 1810 520 0
48231 31151 11013 1 1810 510 0
48104 31056 11014 1 1810 500 0
47969 30957 11021 1 1810 490 0
47822 30855 11022 1 1810 480 0
47668 30759 11027 1 1810 470 0
47519 30669 11036 1 1810 460 0
47381 30583 11038 1 1820 450 0
47259 30500 11041 1 1820 440 0
47151 30421 11045 1 1820 420 0
47056 30349 11055 1 1820 400 0
46950 30272 11057 1 1820 390 0
46845 30194 11059 1 1820 370 0
46742 30131 11064 1 1820 370 0
46639 30067 11066 1 1820 380 0
46548 30001 11070 1 1820 390 0
46472 29941 11073 1 1820 400 0
46405 29879 11074 1 1810 410 0
46344 29814 11074 1 1800 430 0
46282 29758 11083 1 1800 440 0
46228 29712 11108 1 1800 450 0
46147 29687 11157 1 1800 460 0
46070 29692 11188 1 1800 470 0
46004 29684 11225 1 1810 480 0
45948 29674 11253 1 1810 490 0
45903 29679 11280 1 1800 500 0
45873 29687 11283 1 1800 520 0
45853 29695 11285 1 1800 530 0
45843 29703 11295 1 1800 530 0
45842 29707 11297 1 1800 540 0
45842 29709 11298 1 1800 530 0
45842 29712 11299 1 1800 530 0
45918 29538 11302 0 1800 530 0
45959 29576 11311 0 1800 520 0
45989 29614 11313 0 1800 520 0
46025 29657 11313 0 1800 520 0
46076 29697 11314 0 1800 510 0
46120 29738 11318 0 1790 510 0
46164 29758 11319 0 1780 510 0
46201 29747 11321 0 1760 500 0
46234 29743 11322 0 1760 500 0
46235 29743 11322 0 1750 500 0
46737 28559 11322 0 1750 500 0
46741 28548 11325 0 1740 500 0
46745 28538 11325 0 1740 510 0
46766 28489 11329 0 1740 510 0
46804 28381 11331 0 1740 510 0
46867 28187 11331 0 1740 520 0
46939 27919 11336 0 1740 520 0
46929 27758 11339 0 1730 530 0
46906 27631 11340 0 1730 530 0
46901 27529 11343 0 1730 540 0
46890 27390 11343 0 1740 550 0
46870 27289 11351 0 1740 550 0
46811 27211 11360 0 1740 560 0
46776 27163 11363 0 1740 560 0
46750 27138 11373 0 1740 560 0
46729 27141 11379 0 1740 560 0
46728 27160 11379 0 1740 560 0
46728 27160 11385 0 1740 560 0
46729 27178 11389 0 1740 560 0
46726 27266 11397 0 1740 560 0
46742 27445 11400 0 1740 560 0
46824 27582 11412 0 1740 560 0
46989 27722 11422 0 1740 560 0
47183 27898 11422 0 1740 560 0
47395 28052 11431 0 1740 560 0
47502 28188 11437 0 1740 560 0
47445 28296 11442 0 1740 560 0
47502 28358 11464 0 1730 550 0
47440 28354 11469 0 1730 550 0
47334 28320 11482 0 1730 550 0
47212 28268 11498 0 1730 550 0
47081 28260 11507 0 1710 550 0
46954 28252 11511 0 1710 560 0
46782 28264 11513 0 1710 560 0
46632 28269 11515 0 1710 560 0
46519 28354 11547 0 1710 560 0
46413 28391 11551 0 1710 560 0
46325 28411 11573 0 1710 570 0
46250 28442 11609 0 1710 570 0
46186 28490 11645 0 1720 570 0
46133 28573 11693 0 1720 570 0
46094 28688 11735 0 1720 570 0
46055 28824 11759 0 1720 570 0
46023 28974 11779 0 1720 580 0
46027 29120 11785 0 1720 580 0
46029 29203 11791 0 1720 580 0
46031 29270 11796 0 1720 580 0
46027 29318 11801 0 1720 580 0
46019 29322 11802 0 1720 590 0
45987 29334 11804 0 1720 590 0
45970 29350 11804 0 1720 590 0
45967 29352 11807 0 1720 590 20
45966 29297 11809 0 1710 600 126
45971 29241 11812 0 1710 600 164
46003 29171 11812 0 1730 600 199
46043 29094 11815 0 1730 600 239
46077 29024 11816 0 1730 610 282
46104 28964 11817 0 1730 610 306
46131 28913 11823 0 1730 610 332
46156 28875 11825 0 1730 610 353
46180 28851 11825 0 1750 610 371
46202 28846 11826 0 1740 620 383
46222 28841 11828 0 1740 620 393
46242 28843 11829 0 1740 620 420
46257 28873 11829 0 1740 620 433
46258 28914 11833 0 1740 620 447
46259 28963 11840 0 1740 620 455
46249 29016 11841 0 1740 620 465
46214 29076 11841 0 1740 630 491
46174 29138 11847 0 1740 630 505
46133 29196 11847 0 1740 630 509
46093 29246 11848 0 1740 630 534
46040 29293 11851 0 1740 630 543
45986 29333 11853 0 1760 630 544
45939 29366 11854 0 1760 640 555
45900 29386 11857 0 1760 640 558
45866 29392 11858 0 1760 640 564
45840 29400 11875 0 1760 640 569
45816 29400 11877 0 1760 640 571
45813 29400 11878 0 1760 640 584
45813 29401 11896 0 1760 640 581
45809 29393 11901 0 1760 650 581
45809 29378 11909 0 1760 650 585
45809 29364 11909 0 1780 650 590
45837 29354 11910 0 1780 650 595
45852 29349 11910 0 1780 650 601
45866 29335 11910 0 1780 650 597
45882 29334 11911 0 1780 650 595
45895 29329 11911 0 1780 650 593
45907 29323 11911 0 1780 650 595
45909 29323 11911 0 1780 640 597
45914 29321 11912 0 1780 640 590
45914 29322 11913 0 1780 640 592
45914 29322 11914 0 1780 640 591
45914 29322 11917 0 1780 640 589
45906 29340 11917 0 1780 640 592
45895 29356 11922 0 1780 640 591
45886 29375 11924 0 1760 640 593
45876 29390 11926 0 1760 640 596
45870 29401 11928 0 1760 640 593
45869 29412 11932 0 1760 640 596
45870 29419 11933 0 1760 640 593
45870 29420 11943 0 1760 640 584
45870 29420 11943 0 1760 640 567
45801 29902 11946 1 1740 640 516
45803 29901 11948 1 1740 640 426
45876 29416 11949 0 1740 640 198
45812 29890 11954 1 1740 640 0
45828 29869 11957 1 1740 640 0
45850 29841 11961 1 1740 640 0
45878 29805 11964 1 1740 640 0
45913 29754 11969 1 1740 640 0
45954 29692 11969 1 1740 640 0
46000 29609 11971 1 1740 630 0
46057 29516 11971 1 1740 630 0
46125 29417 11974 1 1740 620 0
46206 29311 11975 1 1740 620 0
46263 29229 11976 1 1750 610 0
46299 29164 11976 1 1750 600 0
46329 29045 11976 1 1750 600 0
46363 28895 11978 1 1750 590 0
46398 28747 11979 1 1750 590 0
46430 28609 11980 1 1750 580 0
46464 28490 11980 1 1740 570 0
46498 28379 11982 1 1740 570 0
46530 28276 11982 1 1730 560 0
46565 28183 11983 1 1730 560 0
46602 28093 11984 1 1710 560 0
46643 28007 11989 1 1710 550 0
46680 27922 11989 1 1700 550 0
46713 27844 11992 1 1700 550 0
46746 27768 11994 1 1690 540 0
46781 27698 11998 1 1690 540 0
46818 27636 12001 1 1680 550 0
46860 27575 12004 1 1670 550 0
46896 27514 12004 1 1670 550 0
46935 27454 12007 1 1670 550 0
46968 27393 12007 1 1650 560 0
47005 27338 12011 1 1650 560 0
47053 27286 12014 1 1650 560 0
47102 27254 12018 1 1660 560 0
47142 27229 12020 1 1660 570 0
47175 27206 12022 1 1660 570 0
47202 27184 12025 1 1670 570 0
47230 27162 12028 1 1670 570 0
47260 27141 12029 1 1690 580 0
47287 27120 12035 1 1680 580 0
47311 27104 12038 1 1700 590 0
47332 27090 12042 1 1700 590 0
47351 27076 12046 1 1700 590 0
47370 27062 12048 1 1720 590 0
47390 27048 12055 1 1720 590 0
47407 27034 12057 1 1730 600 0
47425 27022 12058 1 1730 600 0
47439 27011 12061 1 1730 600 0
47451 27002 12062 1 1730 600 0
47460 26995 12066 1 1730 600 0
47467 26990 12068 1 1730 600 0
47475 26986 12070 1 1730 610 0
47482 26983 12073 1 1730 610 0
47498 26980 12074 1 1730 610 0
47259 27114 12076 0 1730 610 0
47312 27122 12078 0 1730 610 0
47358 27129 12080 0 1730 610 0
47412 27137 12082 0 1730 610 0
47474 27132 12083 0 1730 610 0
47526 27104 12084 0 1730 610 0
47574 27064 12085 0 1730 610 0
47615 27019 12086 0 1730 610 0
47645 26975 12086 0 1750 610 0
47667 26938 12086 0 1750 610 0
47677 26908 12086 0 1750 610 0
47668 26890 12089 0 1750 610 0
47668 26890 12089 0 1750 610 0
47650 26900 12090 0 1740 620 0
47598 26892 12092 0 1740 620 0
47533 26890 12094 0 1740 620 0
47470 26897 12094 0 1740 620 0
47425 26920 12096 0 1740 620 0
47384 26935 12099 0 1740 630 0
47351 26952 12099 0 1740 630 17
47326 26970 12103 0 1740 630 84
47301 26988 12105 0 1740 630 126
47278 27007 12106 0 1740 630 147
47255 27025 12110 0 1740 640 153
47234 27041 12110 0 1740 640 164
47218 27055 12111 0 1740 640 178
47202 27057 12112 0 1740 640 196
47190 27059 12116 0 1740 640 224
47183 27065 12118 0 1740 640 262
47182 27070 12120 0 1740 640 292
47180 27071 12125 0 1740 640 316
47176 27071 12126 0 1740 640 335
47173 27071 12127 0 1740 640 347
47172 27072 12129 0 1740 650 346
47171 27073 12134 0 1740 650 339
47171 27073 12135 0 1740 650 316
47171 27074 12138 0 1740 650 247
47170 27075 12140 0 1740 650 139
47170 27075 12141 0 1740 650 0
47170 27076 12144 0 1740 650 0
47180 27078 12144 0 1740 650 0
47193 27081 12145 0 1740 650 0
47208 27083 12146 0 1740 650 0
47223 27086 12149 0 1740 650 0
47235 27087 12152 0 1740 650 0
47244 27087 12152 0 1740 650 0
47250 27087 12156 0 1740 650 0
47254 27088 12157 0 1740 640 0
47256 27089 12160 0 1740 640 0
47256 27090 12163 0 1760 630 0
47256 27090 12163 0 1760 630 0
47256 27091 12163 0 1760 620 0
47256 27092 12164 0 1780 610 0
47256 27092 12167 0 1780 600 0
47255 27093 12167 0 1780 590 0
47255 27094 12170 0 1800 590 0
47255 27095 12173 0 1800 580 0
47254 27095 12173 0 1800 580 0
47250 27095 12177 0 1800 580 0
47245 27097 12181 0 1800 570 0
47241 27101 12182 0 1800 570 0
47237 27105 12187 0 1800 560 0
47233 27109 12192 0 1810 560 0
47229 27114 12195 0 1810 560 0
47231 27119 12200 0 1810 550 0
47232 27124 12201 0 1830 550 0
47233 27129 12207 0 1830 550 0
47234 27131 12214 0 1830 550 0
47233 27132 12216 0 1830 550 0
47233 27133 12220 0 1830 550 0
47233 27134 12222 0 1830 550 0
47233 27135 12227 0 1840 550 0
47233 27134 12233 0 1840 550 0
47577 26997 12240 1 1840 560 0
47231 27128 12244 0 1830 560 0
47584 26986 12247 1 1830 560 0
47595 26981 12250 1 1830 570 0
47611 26973 12252 1 1830 570 0
47631 26964 12255 1 1830 580 0
47653 26954 12255 1 1820 590 0
47675 26943 12257 1 1820 590 0
47695 26933 12260 1 1820 600 0
47714 26923 12263 1 1820 600 0
47732 26914 12265 1 1800 610 0
47746 26906 12267 1 1800 610 0
47758 26899 12270 1 1800 620 0
47767 26892 12272 1 1800 620 0
47775 26887 12288 1 1800 620 0
47782 26881 12303 1 1800 620 0
47788 26876 12303 1 1800 620 0
47794 26871 12305 1 1800 620 0
47798 26867 12309 1 1800 620 0
47800 26865 12311 1 1800 610 0
47314 26968 12315 0 1800 610 0
47313 26968 12320 0 1800 610 0
47313 26968 12325 0 1800 610 0
47314 26970 12328 0 1800 610 0
47326 26983 12334 0 1800 600 0
47355 27002 12336 0 1800 600 0
47404 27032 12338 0 1800 600 0
47473 27080 12344 0 1800 600 0
47560 27147 12345 0 1800 600 0
47646 27236 12367 0 1800 600 0
47742 27290 12438 0 1800 600 0
47824 27348 12549 0 1800 600 0
47904 27416 12661 0 1800 600 0
47966 27490 12767 0 1800 600 0
48019 27572 12876 0 1800 600 0
48065 27668 12981 0 1800 600 0
48104 27792 13049 0 1800 600 0
48138 27921 13095 0 1800 600 0
48169 28072 13130 0 1800 600 0
48203 28246 13174 0 1800 600 0
48233 28433 13210 0 1800 600 0
48273 28627 13241 0 1800 600 0
48317 28825 13270 0 1800 600 0
48363 29016 13297 0 1800 610 0
48410 29169 13321 0 1780 610 0
48454 29291 13343 0 1780 610 0
48496 29397 13363 0 1780 610 0
48532 29491 13380 0 1780 610 0
48560 29581 13393 0 1780 610 0
48584 29659 13398 0 1780 610 0
48589 29732 13404 0 1780 610 0
48595 29793 13412 0 1780 610 0
48596 29851 13419 0 1780 610 0
48603 29904 13424 0 1780 610 0
48604 29949 13430 0 1780 610 24
48583 29988 13435 0 1780 610 70
48561 30023 13441 0 1780 610 116
48537 30054 13447 0 1780 610 144
48519 30086 13453 0 1780 610 156
48504 30119 13459 0 1780 610 166
48494 30150 13464 0 1780 610 184
48491 30184 13469 0 1780 610 189
48481 30216 13474 0 1780 610 195
48480 30246 13480 0 1780 610 214
48474 30275 13484 0 1780 610 227
48471 30302 13490 0 1780 620 244
48471 30326 13494 0 1780 620 254
48469 30348 13499 0 1780 620 256
48470 30370 13504 0 1780 620 263
48470 30389 13509 0 1780 620 266
48471 30404 13514 0 1780 620 267
48470 30419 13519 0 1780 620 270
48467 30432 13523 0 1780 620 268
48464 30442 13528 0 1780 620 274
48460 30451 13532 0 1780 620 274
48456 30456 13537 0 1780 620 271
48453 30457 13542 0 1780 620 272
48451 30457 13546 0 1780 620 275
48451 30457 13551 0 1760 620 282
48451 30457 13555 0 1760 620 290
48451 30457 13560 0 1760 620 290
48450 30450 13564 0 1760 620 286
48456 30441 13568 0 1760 620 282
48463 30434 13573 0 1760 620 279
48471 30428 13577 0 1760 620 280
48476 30422 13581 0 1760 620 278
48482 30418 13585 0 1760 620 276
48486 30416 13589 0 1760 620 276
48488 30416 13593 0 1760 620 278
48489 30416 13598 0 1760 620 285
48488 30416 13602 0 1760 620 297
48488 30416 13606 0 1760 620 311
48488 30416 13610 0 1760 620 326
48487 30417 13614 0 1760 620 350
48487 30417 13618 0 1760 620 369
48486 30413 13622 0 1760 620 361
48486 30408 13626 0 1760 620 374
48487 30403 13630 0 1760 620 386
48489 30398 13634 0 1760 620 384
48490 30393 13638 0 1760 620 381
48491 30390 13642 0 1760 620 409
48493 30388 13645 0 1760 620 398
48495 30388 13650 0 1760 610 396
48501 30389 13653 0 1760 610 374
48504 30389 13657 0 1760 610 328
48509 30389 13660 0 1760 610 212
48512 30389 13664 0 1760 610 212
48511 30389 13668 0 1760 610 212
48511 30389 13672 0 1760 610 212
48506 30331 13791 1 1760 610 212
48506 30332 13794 1 1760 610 212
48505 30333 13797 1 1760 610 212
48505 30329 13799 1 1760 610 212
48504 30323 13802 1 1760 610 212
48501 30316 13804 1 1760 610 212
48491 30309 13807 1 1760 610 212
48480 30299 13810 1 1760 610 212
48464 30289 13813 1 1760 610 212
48446 30278 13815 1 1760 610 212
48425 30264 13818 1 1760 610 212
48404 30251 13821 1 1760 610 212
48386 30240 13824 1 1760 610 212
48369 30231 13827 1 1760 610 212
48353 30226 13830 1 1760 610 212
48338 30220 13833 1 1760 610 212
48321 30215 13836 1 1760 610 212
48304 30209 13839 1 1760 610 212
48289 30205 13842 1 1760 610 212
48278 30203 13845 1 1760 610 212
48270 30202 13848 1 1760 610 212
48266 30201 13850 1 1760 610 212
48264 30202 13853 1 1760 610 212
48263 30202 13855 1 1760 610 212
48262 30202 13858 1 1760 610 212
48260 30202 13860 1 1760 610 212
48259 30202 13863 1 1760 610 212
48259 30206 13866 1 1760 610 212
48258 30211 13869 1 1760 610 212
48258 30215 13872 1 1760 610 212
48257 30218 13874 1 1760 610 212
48256 30219 13877 1 1760 610 212
48255 30220 13879 1 1760 610 212
48254 30222 13882 1 1760 610 212
48253 30225 13884 1 1760 610 212
48253 30229 13887 1 1760 610 212
48253 30236 13890 1 1760 610 212
48250 30243 13893 1 1760 610 212
48245 30251 13896 1 1760 610 212
48238 30262 13900 1 1760 610 212
48229 30273 13903 1 1760 610 212
48218 30286 13907 1 1760 610 212
48203 30303 13911 1 1760 610 212
48184 30323 13915 1 1760 610 212
48161 30345 13920 1 1760 610 212
48136 30371 13925 1 1760 610 212
48110 30400 13929 1 1760 610 212
48080 30428 13935 1 1760 610 212
48052 30455 13940 1 1760 610 212
48024 30482 13945 1 1760 610 212
47998 30504 13950 1 1760 610 212
47982 30517 13953 1 1760 610 212
