35273 8041 303 1 1560 530 16
35269 8061 304 1 1560 530 39
35269 8071 305 1 1560 530 56
35269 8079 306 1 1560 530 71
35269 8089 306 1 1560 530 79
35270 8103 307 1 1560 530 86
35270 8116 307 1 1560 530 110
35270 8131 307 1 1560 530 122
35275 8148 308 1 1560 530 131
35284 8166 308 1 1560 530 136
35294 8184 308 1 1560 530 153
35305 8204 308 1 1560 530 172
35315 8222 309 1 1560 530 177
35324 8241 309 1 1560 530 188
35333 8263 310 1 1560 530 211
35342 8283 310 1 1560 530 213
35352 8304 310 1 1560 530 216
35366 8328 310 1 1570 540 231
35379 8350 311 1 1570 540 235
35391 8373 312 1 1570 540 239
35405 8396 312 1 1570 540 244
35417 8419 313 1 1570 540 242
35432 8441 313 1 1570 540 252
35448 8460 313 1 1570 540 254
35465 8481 313 1 1570 540 258
35487 8512 314 1 1570 540 261
35508 8546 315 1 1570 540 257
35532 8575 315 1 1570 540 258
35561 8598 316 1 1570 540 256
35587 8619 317 1 1570 540 253
35613 8638 317 1 1570 540 254
35637 8652 318 1 1580 530 249
35657 8665 318 1 1580 530 250
35679 8673 318 1 1580 530 258
35700 8683 319 1 1580 530 252
35715 8691 319 1 1580 530 263
35730 8700 320 1 1580 530 263
35747 8709 320 1 1600 520 262
35765 8716 321 1 1600 520 268
35785 8723 321 1 1600 520 265
35806 8730 321 1 1600 520 263
35827 8734 321 1 1600 520 266
35849 8739 321 1 1600 520 261
35873 8744 322 1 1600 520 265
35899 8749 322 1 1600 520 260
35924 8753 322 1 1600 520 258
35949 8757 323 1 1600 520 270
35972 8762 323 1 1600 510 271
35997 8766 326 1 1600 510 266
36022 8770 329 1 1600 510 274
36048 8774 332 1 1600 510 269
36073 8776 337 1 1620 520 274
36100 8777 342 1 1620 520 271
36129 8778 346 1 1620 520 269
36164 8779 352 1 1620 520 271
36200 8779 357 1 1620 520 265
36236 8780 362 1 1620 510 263
36274 8779 367 1 1620 510 270
36311 8778 372 1 1620 510 262
36350 8777 377 1 1640 510 263
36390 8776 383 1 1640 510 259
36427 8776 390 1 1640 510 255
36462 8774 404 1 1640 510 263
36496 8772 418 1 1650 510 270
36532 8770 432 1 1650 510 267
36568 8767 447 1 1650 510 269
36602 8765 462 1 1650 510 270
36633 8763 477 1 1650 510 275
36660 8761 491 1 1660 510 275
36683 8760 503 1 1660 510 268
36708 8756 518 1 1660 510 277
36735 8753 532 1 1670 500 275
36762 8747 547 1 1670 500 275
36793 8741 563 1 1670 500 271
36821 8734 578 1 1670 500 266
36848 8726 593 1 1670 500 274
36874 8718 608 1 1670 500 268
36902 8709 625 1 1670 500 266
36934 8700 643 1 1670 500 275
36967 8689 666 1 1670 500 270
36998 8680 689 1 1660 510 273
37023 8672 710 1 1660 510 273
37045 8663 728 1 1660 510 264
37065 8657 747 1 1660 510 274
37088 8648 768 1 1660 510 269
37113 8640 783 1 1670 510 264
37137 8633 795 1 1670 510 270
37158 8624 806 1 1670 510 262
37180 8614 815 1 1670 510 263
37200 8603 823 1 1670 510 263
37221 8588 830 1 1670 510 263
37244 8573 838 1 1670 510 272
37267 8554 845 1 1670 510 262
37291 8533 852 1 1690 510 257
37316 8508 859 1 1690 510 268
37346 8484 867 1 1690 510 264
37382 8462 880 1 1690 510 265
37417 8440 894 1 1690 510 264
37452 8416 907 1 1690 510 256
37485 8390 921 1 1680 520 264
37518 8363 934 1 1680 520 260
37551 8339 945 1 1680 520 258
37584 8313 956 1 1680 520 269
37614 8289 969 1 1680 520 268
37642 8267 984 1 1680 520 268
37666 8245 997 1 1680 520 269
37687 8224 1010 1 1680 520 270
37705 8204 1023 1 1680 520 285
37721 8184 1037 1 1680 520 281
37735 8165 1049 1 1680 520 281
37749 8146 1065 1 1680 520 296
37763 8125 1083 1 1680 520 293
37776 8102 1103 1 1680 520 296
37790 8079 1130 1 1680 520 300
37807 8057 1158 1 1680 520 298
37827 8031 1190 1 1680 520 307
37850 8005 1229 1 1680 520 313
37872 7979 1270 1 1680 520 306
37894 7952 1313 1 1680 520 316
37914 7930 1356 1 1680 520 317
37930 7908 1394 1 1680 520 321
37943 7891 1427 1 1680 520 321
37954 7875 1457 1 1680 520 318
37961 7861 1479 1 1680 520 321
37968 7845 1505 1 1690 510 319
37976 7825 1530 1 1690 510 316
37985 7804 1561 1 1690 510 326
37995 7784 1585 1 1690 510 318
38007 7761 1606 1 1690 510 322
38020 7738 1633 1 1690 510 331
38033 7711 1663 1 1690 510 323
38044 7679 1695 1 1690 510 328
38054 7648 1726 1 1690 510 325
38063 7619 1754 1 1690 510 321
38070 7593 1780 1 1690 510 325
38075 7568 1801 1 1690 510 321
38080 7543 1822 1 1690 510 324
38084 7515 1842 1 1690 510 331
38090 7483 1865 1 1690 510 333
38098 7443 1892 1 1690 510 342
38107 7396 1929 1 1690 510 335
38118 7346 1974 1 1690 510 337
38126 7302 2006 1 1690 510 351
38133 7257 2016 1 1690 510 336
38138 7217 2022 1 1680 520 334
38142 7175 2030 1 1680 520 341
38146 7130 2035 1 1680 520 341
38150 7082 2044 1 1680 520 347
38155 7036 2052 1 1680 520 340
38159 6991 2061 1 1680 520 339
38164 6947 2070 1 1680 520 347
38169 6900 2080 1 1680 520 341
38173 6854 2088 1 1680 520 355
38177 6807 2100 1 1680 520 350
38181 6762 2110 1 1680 520 355
38184 6724 2121 1 1680 520 354
38186 6689 2129 1 1680 520 351
38187 6659 2138 1 1680 520 356
38188 6628 2145 1 1680 520 362
38189 6597 2151 1 1680 520 359
38188 6570 2151 1 1680 520 365
38188 6545 2153 1 1680 520 369
38187 6525 2157 1 1680 520 362
38186 6505 2162 1 1690 510 370
38185 6487 2166 1 1690 510 364
38184 6466 2172 1 1690 510 374
38182 6445 2175 1 1690 510 376
38179 6423 2176 1 1690 510 372
38176 6401 2178 1 1690 510 378
38174 6379 2181 1 1700 520 380
38171 6357 2185 1 1700 520 371
38167 6332 2185 1 1700 520 388
38163 6309 2186 1 1700 520 384
38160 6289 2186 1 1700 520 380
38157 6271 2188 1 1700 520 385
38153 6257 2189 1 1690 530 378
38149 6242 2195 1 1690 530 385
38143 6226 2196 1 1680 520 384
38137 6207 2202 1 1680 520 388
38127 6185 2202 1 1680 520 397
38118 6164 2205 1 1680 520 395
38108 6148 2208 1 1680 520 390
38097 6133 2213 1 1680 530 396
38087 6119 2215 1 1680 530 392
38076 6105 2216 1 1680 530 402
38065 6092 2216 1 1660 530 397
38055 6081 2217 1 1660 530 389
38044 6070 2217 1 1660 530 401
38032 6059 2218 1 1660 530 397
38018 6047 2218 1 1660 530 398
38003 6034 2219 1 1660 530 400
37987 6022 2220 1 1660 530 393
37973 6010 2220 1 1650 530 408
37956 5997 2221 1 1650 530 398
37937 5984 2222 1 1650 530 394
37918 5973 2223 1 1650 530 406
37898 5962 2224 1 1650 530 400
37879 5953 2224 1 1650 530 397
37859 5944 2225 1 1650 530 405
37838 5937 2226 1 1650 530 405
37815 5930 2227 1 1650 530 414
37791 5922 2229 1 1650 530 415
37773 5914 2229 1 1650 530 408
37754 5905 2231 1 1650 530 418
37736 5897 2231 1 1650 530 414
37716 5874 2232 1 1650 530 413
37696 5845 2233 1 1650 530 415
37675 5819 2235 1 1650 530 407
37656 5797 2235 1 1650 530 411
37640 5779 2236 1 1650 530 405
37626 5764 2237 1 1650 530 402
37613 5750 2237 1 1650 530 409
37599 5735 2238 1 1650 530 402
37584 5717 2238 1 1650 530 402
37566 5700 2238 1 1650 530 404
37544 5680 2240 1 1640 530 403
37520 5659 2242 1 1640 530 407
37493 5638 2242 1 1640 530 406
37463 5615 2244 1 1630 540 398
37437 5597 2245 1 1630 540 411
37412 5581 2247 1 1630 540 404
37389 5567 2249 1 1630 540 400
37367 5556 2250 1 1630 540 398
37344 5545 2251 1 1630 540 395
37321 5536 2251 1 1630 540 404
37299 5526 2251 1 1630 540 400
37278 5518 2252 1 1630 540 392
37259 5510 2252 1 1630 540 406
37238 5502 2255 1 1630 540 404
37216 5494 2255 1 1630 540 407
37189 5484 2259 1 1630 540 398
37158 5476 2259 1 1630 550 396
37128 5469 2261 1 1630 550 402
37097 5463 2261 1 1630 550 395
37065 5456 2262 1 1610 550 394
37033 5450 2262 1 1610 550 401
37004 5444 2264 1 1610 550 393
36982 5440 2266 1 1610 550 393
36964 5438 2266 1 1610 550 395
36945 5435 2266 1 1610 550 393
36925 5433 2267 1 1610 550 400
36904 5431 2267 1 1610 550 393
36881 5429 2267 1 1610 550 390
36858 5428 2267 1 1610 550 399
36834 5426 2268 1 1600 550 392
36808 5424 2268 1 1600 550 394
36778 5423 2268 1 1590 550 398
36746 5421 2268 1 1590 550 391
36710 5419 2268 1 1590 550 394
36669 5418 2269 1 1590 550 393
36631 5417 2269 1 1590 550 387
36594 5417 2269 1 1590 550 393
36561 5417 2270 1 1590 550 397
36531 5418 2270 1 1590 550 400
36502 5420 2270 1 1590 550 394
36469 5421 2270 1 1590 550 392
36436 5423 2270 1 1590 550 403
36399 5426 2271 1 1580 550 400
36361 5430 2271 1 1580 550 387
36324 5435 2272 1 1580 550 395
36285 5440 2274 1 1580 550 386
36245 5445 2275 1 1580 550 396
36207 5450 2277 1 1580 550 398
36171 5456 2278 1 1580 550 389
36135 5463 2278 1 1580 550 387
36101 5471 2279 1 1580 550 394
36065 5479 2281 1 1580 550 384
36029 5489 2282 1 1580 550 386
35996 5500 2287 1 1580 550 371
35966 5514 2287 1 1580 550 385
35934 5531 2287 1 1580 550 393
35901 5553 2288 1 1580 550 371
35864 5581 2289 1 1580 550 382
35826 5612 2289 1 1560 550 389
35780 5650 2289 1 1560 550 379
35728 5696 2291 1 1560 550 399
35677 5749 2292 1 1560 550 383
35630 5813 2292 1 1560 550 386
35583 5872 2293 1 1560 550 412
35543 5909 2295 1 1560 550 385
35508 5956 2295 1 1560 550 409
35476 6009 2297 1 1560 550 401
35447 6064 2297 1 1560 550 403
35409 6114 2298 1 1560 550 426
35358 6156 2300 1 1560 550 411
35311 6198 2300 1 1560 550 415
35264 6241 2300 1 1560 550 425
35224 6282 2300 1 1560 550 406
35190 6322 2301 1 1560 550 440
35159 6361 2301 1 1560 550 427
35136 6399 2302 1 1560 550 424
35110 6434 2303 1 1560 550 453
35084 6467 2303 1 1560 550 419
35067 6498 2303 1 1560 550 453
35052 6528 2304 1 1560 550 445
35045 6560 2304 1 1560 550 446
35041 6592 2304 1 1560 550 463
35036 6624 2305 1 1560 550 457
35030 6659 2305 1 1560 550 452
35024 6694 2306 1 1560 550 471
35014 6729 2306 1 1570 540 458
35006 6767 2307 1 1570 540 473
34998 6809 2307 1 1570 540 485
34989 6856 2308 1 1570 540 459
34981 6903 2309 1 1570 540 473
34972 6949 2309 1 1570 540 468
34965 6994 2309 1 1570 540 468
34960 7035 2309 1 1570 540 471
34956 7077 2312 1 1570 540 465
34952 7117 2314 1 1570 540 477
34949 7154 2316 1 1560 550 468
34947 7188 2316 1 1560 550 463
34946 7219 2317 1 1560 550 482
34945 7252 2318 1 1560 550 482
34944 7282 2320 1 1560 550 472
34944 7311 2323 1 1560 550 482
34943 7341 2324 1 1550 550 472
34943 7368 2325 1 1550 550 483
34943 7396 2326 1 1550 550 478
34942 7426 2332 1 1550 550 475
34942 7456 2342 1 1550 550 483
34942 7485 2351 1 1550 550 475
34942 7512 2361 1 1550 550 477
34942 7540 2373 1 1550 550 486
34946 7569 2386 1 1550 550 472
34950 7597 2402 1 1560 550 476
34953 7623 2417 1 1560 550 476
34956 7646 2433 1 1560 550 471
34959 7668 2447 1 1560 550 487
34962 7691 2463 1 1560 550 478
34966 7717 2479 1 1560 550 479
34971 7741 2496 1 1560 550 482
34975 7762 2511 1 1560 550 474
34979 7782 2527 1 1570 540 492
34987 7802 2544 1 1570 540 481
34996 7824 2563 1 1570 540 467
35008 7843 2582 1 1570 540 481
35020 7866 2607 1 1570 540 472
35032 7889 2629 1 1580 540 472
35045 7909 2646 1 1580 540 471
35060 7931 2660 1 1580 540 468
35076 7953 2675 1 1580 540 476
35093 7971 2687 1 1580 540 467
35113 7992 2701 1 1580 540 466
35134 8014 2715 1 1580 540 471
35154 8035 2729 1 1580 540 455
35168 8061 2742 1 1580 540 458
35182 8086 2758 1 1600 540 461
35197 8111 2772 1 1600 540 457
35211 8134 2788 1 1600 540 465
35227 8158 2802 1 1600 540 460
35240 8181 2803 1 1600 540 453
35251 8207 2806 1 1600 540 461
35261 8230 2808 1 1600 540 457
35271 8255 2812 1 1600 540 459
35285 8279 2813 1 1600 540 451
35303 8304 2819 1 1600 540 444
35325 8327 2819 1 1600 540 453
35356 8352 2820 1 1610 550 447
35385 8380 2820 1 1610 550 441
35413 8404 2823 1 1610 550 447
35444 8430 2824 1 1610 550 444
35475 8459 2824 1 1610 550 447
35503 8488 2825 1 1610 550 441
35534 8519 2825 1 1610 550 436
35561 8547 2827 1 1610 550 445
35589 8571 2830 1 1610 550 445
35620 8594 2840 1 1620 540 438
35654 8615 2859 1 1620 540 436
35685 8635 2882 1 1620 540 427
35716 8654 2895 1 1620 540 435
35744 8668 2904 1 1620 540 422
35779 8679 2917 1 1620 540 422
35816 8691 2930 1 1620 540 430
35853 8701 2944 1 1620 540 428
35893 8711 2957 1 1620 530 423
35933 8720 2972 1 1620 530 438
35970 8730 2984 1 1620 530 431
36007 8739 2997 1 1620 530 438
36044 8749 3008 1 1620 530 438
36080 8758 3021 1 1620 530 428
36117 8767 3034 1 1640 520 432
36158 8774 3049 1 1640 520 430
36197 8780 3064 1 1640 520 423
36236 8784 3090 1 1640 520 431
36275 8786 3102 1 1640 520 426
36312 8787 3112 1 1660 520 435
36349 8787 3123 1 1660 520 432
36387 8787 3135 1 1660 510 432
36422 8788 3139 1 1660 510 437
36457 8789 3140 1 1670 510 429
36493 8791 3142 1 1670 510 428
36531 8791 3142 1 1670 510 433
36567 8791 3143 1 1670 510 423
36601 8791 3144 1 1690 510 429
36633 8790 3144 1 1690 510 422
36663 8789 3144 1 1690 510 413
36691 8788 3146 1 1690 510 419
36720 8787 3146 1 1690 510 408
36747 8787 3147 1 1690 510 401
36781 8784 3148 1 1690 510 409
36819 8780 3148 1 1700 520 400
36858 8774 3150 1 1700 510 418
36898 8768 3150 1 1700 510 415
36935 8762 3151 1 1700 510 408
36968 8756 3151 1 1700 510 418
36999 8751 3151 1 1700 510 413
37028 8745 3152 1 1700 510 409
37055 8738 3152 1 1700 510 411
37081 8731 3153 1 1700 520 405
37105 8722 3153 1 1700 520 416
37132 8709 3154 1 1700 520 413
37164 8694 3156 1 1700 520 402
37198 8676 3156 1 1710 520 413
37235 8657 3159 1 1710 520 402
37274 8638 3159 1 1710 520 397
37312 8617 3174 1 1710 520 392
37350 8595 3196 1 1710 520 390
37396 8574 3216 1 1710 520 406
37439 8552 3235 1 1710 520 410
37479 8531 3255 1 1710 520 399
37511 8511 3273 1 1710 520 412
37538 8495 3286 1 1710 520 409
37559 8481 3296 1 1720 520 404
37578 8468 3308 1 1720 520 407
37595 8456 3319 1 1720 520 405
37608 8445 3329 1 1720 520 412
37623 8428 3340 1 1720 530 411
37639 8409 3352 1 1720 530 415
37659 8386 3364 1 1720 530 428
37683 8368 3375 1 1720 530 418
37710 8348 3385 1 1720 530 423
37739 8328 3397 1 1720 530 428
37768 8304 3407 1 1720 530 419
37796 8280 3425 1 1720 530 433
37822 8255 3447 1 1720 530 429
37845 8231 3472 1 1720 530 422
37865 8209 3494 1 1710 530 440
37887 8185 3512 1 1710 530 431
37907 8161 3525 1 1710 530 447
37926 8135 3539 1 1710 530 442
37945 8105 3556 1 1710 530 446
37965 8074 3577 1 1710 530 458
37984 8040 3598 1 1710 530 447
38003 8009 3612 1 1710 530 446
38024 7982 3621 1 1710 530 457
38044 7953 3632 1 1710 530 447
38061 7926 3636 1 1710 530 455
38075 7899 3637 1 1710 530 453
38086 7869 3642 1 1710 530 454
38096 7838 3645 1 1710 530 470
38104 7801 3647 1 1710 530 460
38111 7764 3649 1 1710 530 460
38117 7724 3651 1 1710 530 467
38125 7685 3655 1 1710 530 461
38133 7650 3657 1 1710 520 465
38142 7615 3659 1 1710 520 463
38150 7580 3664 1 1710 520 471
38158 7546 3681 1 1710 520 473
38165 7511 3697 1 1710 520 471
38172 7477 3716 1 1710 520 463
38178 7445 3733 1 1710 520 478
38183 7410 3746 1 1710 520 468
38188 7376 3765 1 1710 530 476
38191 7344 3768 1 1710 530 473
38194 7313 3769 1 1710 530 465
38198 7283 3771 1 1710 530 476
38200 7252 3776 1 1710 530 473
38203 7220 3779 1 1710 530 466
38205 7185 3780 1 1710 530 480
38206 7150 3783 1 1710 530 478
38207 7114 3786 1 1710 530 476
38206 7078 3788 1 1710 530 481
38206 7039 3790 1 1710 530 470
38206 6998 3790 1 1710 530 478
38205 6950 3790 1 1700 540 479
38204 6898 3790 1 1700 540 470
38203 6846 3793 1 1700 540 494
38202 6799 3793 1 1690 530 489
38200 6759 3793 1 1690 530 485
38199 6722 3802 1 1690 530 488
38200 6687 3805 1 1690 530 482
38201 6655 3811 1 1690 530 492
38201 6628 3814 1 1690 530 493
38200 6601 3815 1 1690 530 485
38199 6578 3826 1 1690 530 501
38198 6556 3828 1 1690 530 492
38198 6533 3832 1 1700 520 494
38197 6510 3841 1 1700 520 499
38193 6487 3847 1 1710 520 492
38188 6465 3849 1 1710 520 497
38185 6443 3857 1 1710 520 492
38182 6422 3864 1 1710 520 492
38177 6399 3865 1 1710 520 493
38172 6375 3867 1 1710 520 487
38166 6351 3869 1 1710 520 493
38160 6328 3872 1 1710 520 491
38153 6309 3872 1 1710 520 483
38146 6289 3874 1 1710 520 498
38139 6272 3874 1 1700 520 494
38131 6256 3875 1 1690 530 485
38123 6240 3877 1 1690 530 491
38114 6224 3878 1 1690 530 488
38104 6205 3878 1 1690 530 491
38093 6185 3878 1 1690 530 488
38084 6163 3879 1 1690 530 487
38072 6148 3883 1 1690 530 492
38059 6133 3884 1 1680 530 490
38048 6120 3887 1 1680 530 485
38034 6105 3890 1 1680 530 491
38020 6090 3891 1 1680 530 485
38004 6075 3891 1 1680 530 491
37989 6060 3893 1 1680 530 492
37974 6046 3921 1 1680 530 482
37959 6031 3942 1 1680 530 491
37945 6015 3955 1 1680 530 488
37929 5998 3967 1 1680 530 485
37912 5981 3977 1 1660 530 488
37895 5965 3985 1 1660 530 481
37878 5949 3996 1 1660 530 489
37861 5936 4008 1 1660 530 485
37845 5924 4020 1 1660 530 475
37830 5914 4031 1 1660 530 482
37814 5903 4032 1 1660 530 475
37799 5890 4033 1 1660 530 474
37785 5878 4034 1 1660 530 481
37770 5865 4036 1 1660 530 477
37756 5853 4038 1 1660 530 480
37738 5841 4040 1 1660 530 475
37719 5829 4040 1 1660 530 467
37697 5810 4042 1 1660 530 474
37677 5781 4044 1 1650 530 468
37659 5753 4045 1 1650 530 464
37640 5726 4050 1 1650 530 469
37622 5702 4051 1 1650 530 463
37604 5679 4051 1 1650 530 472
37586 5659 4056 1 1650 530 469
37569 5643 4057 1 1650 530 457
37550 5628 4058 1 1650 530 466
37530 5612 4061 1 1650 530 460
37509 5593 4062 1 1650 530 462
37487 5576 4063 1 1650 530 465
37465 5559 4066 1 1650 530 452
37442 5545 4069 1 1640 540 456
37418 5530 4069 1 1640 540 451
37392 5515 4070 1 1640 540 443
37369 5503 4074 1 1640 540 456
37348 5493 4078 1 1640 540 447
37327 5484 4079 1 1640 540 439
37301 5476 4079 1 1640 540 441
37274 5469 4085 1 1640 540 432
37241 5462 4086 1 1640 540 443
37211 5456 4087 1 1640 540 441
37182 5451 4090 1 1630 540 431
37147 5444 4091 1 1630 550 446
37110 5438 4096 1 1630 550 442
37072 5432 4096 1 1630 550 440
37041 5427 4099 1 1630 550 440
37019 5425 4104 1 1630 550 438
36996 5423 4106 1 1630 550 445
36971 5421 4107 1 1630 550 438
36945 5421 4108 1 1630 550 428
36920 5420 4110 1 1630 550 439
36894 5420 4111 1 1630 550 436
36866 5419 4111 1 1630 550 435
36833 5419 4114 1 1630 550 438
36793 5418 4120 1 1610 550 437
36747 5419 4129 1 1600 550 443
36696 5421 4146 1 1600 550 427
36640 5424 4172 1 1600 550 416
36585 5427 4200 1 1600 550 420
36537 5430 4217 1 1600 550 415
36496 5433 4234 1 1600 550 413
36461 5436 4249 1 1600 550 408
36431 5440 4263 1 1590 550 405
36401 5444 4278 1 1590 550 421
36371 5448 4293 1 1590 550 418
36336 5454 4310 1 1590 550 403
36296 5461 4328 1 1590 550 423
36254 5469 4349 1 1590 550 422
36210 5480 4374 1 1590 550 423
36162 5491 4408 1 1580 550 422
36116 5505 4442 1 1580 550 404
36072 5520 4477 1 1580 550 409
36031 5535 4509 1 1580 550 417
35994 5549 4541 1 1580 550 412
35961 5566 4549 1 1580 540 429
35927 5584 4551 1 1580 540 422
35891 5603 4555 1 1580 540 418
35857 5626 4559 1 1580 540 427
35826 5650 4559 1 1580 540 414
35796 5676 4563 1 1580 540 427
35764 5701 4567 1 1580 540 432
35730 5726 4570 1 1580 540 415
35697 5753 4571 1 1580 540 430
35668 5781 4577 1 1580 550 413
35639 5820 4581 1 1580 550 427
35606 5862 4581 1 1560 550 420
35576 5883 4584 1 1560 550 405
35547 5907 4584 1 1560 550 423
35518 5938 4586 1 1560 550 431
35490 5973 4588 1 1560 550 406
35466 6011 4588 1 1560 550 435
35436 6053 4591 1 1560 550 436
35402 6098 4597 1 1560 550 440
35364 6140 4598 1 1560 550 441
35323 6180 4602 1 1560 550 425
35285 6222 4603 1 1560 550 446
35254 6257 4603 1 1580 550 446
35226 6294 4609 1 1580 550 439
35201 6333 4615 1 1580 550 451
35179 6373 4618 1 1580 550 437
35139 6419 4626 1 1580 550 445
35106 6465 4626 1 1580 550 450
35078 6517 4628 1 1580 550 458
35056 6571 4628 1 1580 550 472
35040 6622 4637 1 1580 550 480
35026 6673 4640 1 1580 550 459
35014 6724 4640 1 1580 550 485
35006 6772 4645 1 1580 540 474
34999 6828 4649 1 1580 540 490
34992 6890 4652 1 1580 540 494
34985 6955 4652 1 1580 540 483
34977 7022 4654 1 1580 540 494
34970 7084 4659 1 1580 540 482
34964 7141 4664 1 1580 540 474
34957 7191 4664 1 1580 540 486
34951 7235 4668 1 1580 540 480
34947 7274 4668 1 1580 540 494
34944 7308 4670 1 1580 540 482
34944 7343 4670 1 1580 550 477
34944 7375 4671 1 1580 550 487
34945 7401 4673 1 1560 550 480
34945 7427 4678 1 1560 550 488
34945 7454 4679 1 1560 550 491
34947 7483 4685 1 1580 550 476
34952 7510 4694 1 1580 550 483
34959 7539 4694 1 1580 550 491
34965 7569 4696 1 1580 550 479
34971 7599 4705 1 1580 550 470
34977 7631 4715 1 1580 550 472
34983 7661 4716 1 1580 550 472
34989 7689 4733 1 1580 550 478
34994 7718 4757 1 1580 550 468
34998 7747 4779 1 1580 550 481
35002 7774 4800 1 1580 550 480
35009 7802 4825 1 1580 550 473
35015 7827 4850 1 1580 550 472
35024 7852 4875 1 1580 540 471
35032 7876 4901 1 1580 540 470
35038 7897 4922 1 1580 540 476
35047 7916 4946 1 1580 540 466
35062 7936 4976 1 1580 540 477
35082 7959 5012 1 1600 540 465
35105 7981 5049 1 1600 540 444
35137 8006 5093 1 1600 540 461
35172 8034 5140 1 1600 540 441
35201 8059 5188 1 1600 540 442
35227 8087 5202 1 1600 540 442
35252 8112 5203 1 1600 540 426
35277 8145 5212 1 1600 540 435
35301 8184 5218 1 1600 540 428
35327 8218 5222 1 1610 550 432
35356 8251 5231 1 1610 550 444
35385 8282 5232 1 1610 550 433
35416 8312 5232 1 1610 550 434
35441 8340 5233 1 1610 550 433
35465 8367 5235 1 1610 550 421
35494 8405 5243 1 1610 550 431
35524 8443 5246 1 1610 550 423
35558 8479 5253 1 1610 550 399
35596 8514 5265 1 1610 550 400
35637 8544 5277 1 1620 540 400
35689 8570 5279 1 1620 540 400
35738 8584 5281 1 1620 540 400
35790 8595 5296 1 1620 540 392
35845 8605 5310 1 1620 540 402
35898 8616 5312 1 1630 540 392
35945 8626 5319 1 1630 540 387
35990 8635 5331 1 1630 540 399
36036 8644 5347 1 1630 540 394
36081 8655 5355 1 1630 540 392
36126 8664 5355 1 1630 540 392
36175 8673 5379 1 1640 530 389
36225 8679 5380 1 1640 530 399
36279 8683 5386 1 1640 530 392
36337 8687 5397 1 1650 530 385
36397 8689 5406 1 1650 530 396
36459 8690 5412 1 1660 520 381
36522 8691 5413 1 1670 520 382
36576 8691 5420 1 1670 520 386
36626 8693 5424 1 1670 520 378
36675 8694 5431 1 1670 520 389
36724 8697 5431 1 1680 520 380
36772 8698 5433 1 1690 510 372
36818 8699 5437 1 1690 510 363
36860 8698 5440 1 1690 510 372
36903 8697 5442 1 1700 520 373
36944 8695 5445 1 1700 520 374
36988 8693 5451 1 1700 520 358
37030 8692 5454 1 1700 520 364
37073 8690 5455 1 1700 520 363
37114 8687 5456 1 1710 520 357
37154 8676 5458 1 1710 520 368
37195 8664 5459 1 1710 520 360
37236 8649 5459 1 1710 520 365
37276 8635 5459 1 1710 520 366
37314 8620 5467 1 1710 520 355
37348 8602 5473 1 1710 520 364
37384 8582 5475 1 1720 520 362
37423 8556 5480 1 1720 520 360
37472 8526 5482 1 1720 520 373
37525 8492 5485 1 1720 520 365
37571 8458 5488 1 1720 520 360
37613 8419 5488 1 1720 520 361
37652 8377 5493 1 1720 520 368
37687 8330 5497 1 1720 530 371
37720 8284 5497 1 1720 530 379
37751 8250 5502 1 1720 530 376
37780 8228 5505 1 1720 530 381
37809 8207 5505 1 1720 530 379
37837 8184 5508 1 1720 530 386
37864 8162 5512 1 1720 530 386
37889 8138 5515 1 1720 530 389
37914 8112 5519 1 1720 530 410
37941 8084 5520 1 1720 530 403
37964 8057 5522 1 1720 530 414
37985 8028 5526 1 1720 530 419
38004 8001 5528 1 1720 530 414
38018 7978 5530 1 1720 530 426
38030 7956 5532 1 1720 530 426
38041 7935 5538 1 1720 530 410
38053 7911 5544 1 1720 530 428
38065 7885 5550 1 1720 530 421
38080 7854 5555 1 1720 530 422
38095 7818 5561 1 1720 530 430
38110 7780 5567 1 1720 530 431
38124 7737 5578 1 1720 530 442
38135 7694 5583 1 1720 530 446
38144 7651 5588 1 1720 520 442
38152 7609 5592 1 1720 520 446
38160 7568 5601 1 1720 520 451
38169 7527 5612 1 1720 520 444
38176 7484 5626 1 1720 520 458
38182 7444 5656 1 1720 520 448
38188 7401 5686 1 1720 520 451
38194 7357 5717 1 1720 520 462
38200 7311 5753 1 1720 530 454
38204 7268 5758 1 1720 530 462
38205 7224 5765 1 1720 530 461
38205 7179 5770 1 1720 530 457
38204 7133 5772 1 1720 530 470
38204 7085 5777 1 1720 530 460
38202 7040 5777 1 1720 530 480
38200 6995 5778 1 1720 530 474
38198 6946 5778 1 1720 530 464
38197 6894 5779 1 1720 540 492
38195 6843 5780 1 1720 540 476
38193 6789 5785 1 1700 540 473
38195 6739 5787 1 1700 540 481
38196 6692 5790 1 1700 540 465
38195 6650 5794 1 1700 540 479
38193 6609 5799 1 1710 530 480
38191 6570 5804 1 1710 530 470
38189 6537 5804 1 1720 530 482
38184 6508 5815 1 1720 530 477
38180 6481 5817 1 1720 530 480
38176 6455 5830 1 1720 530 482
38171 6428 5830 1 1720 530 477
38164 6400 5831 1 1720 530 484
38156 6370 5837 1 1720 530 478
38146 6341 5845 1 1720 530 469
38136 6317 5848 1 1720 530 486
38123 6296 5855 1 1720 530 473
38109 6276 5856 1 1720 530 475
38096 6256 5885 1 1720 530 481
38080 6233 5918 1 1720 540 477
38066 6212 5956 1 1720 540 488
38052 6191 5993 1 1700 540 484
38039 6170 6022 1 1700 540 476
38024 6146 6028 1 1700 540 486
38007 6123 6033 1 1700 540 483
37989 6102 6037 1 1700 540 481
37972 6083 6041 1 1700 540 486
37956 6065 6043 1 1690 530 478
37938 6048 6046 1 1690 530 489
37918 6031 6048 1 1690 530 485
37899 6008 6059 1 1690 530 474
37880 5985 6066 1 1690 530 489
37862 5961 6067 1 1690 530 483
37844 5937 6076 1 1690 530 478
37827 5918 6079 1 1670 540 480
37810 5900 6086 1 1670 540 472
37796 5884 6097 1 1670 540 485
37781 5868 6106 1 1670 540 486
37766 5853 6116 1 1670 540 470
37748 5840 6121 1 1670 540 480
37728 5827 6124 1 1670 540 476
37706 5815 6138 1 1670 540 472
37685 5802 6145 1 1670 540 475
37659 5765 6148 1 1670 540 467
37633 5728 6156 1 1670 540 481
37604 5694 6163 1 1670 540 473
37574 5665 6176 1 1660 540 458
37546 5640 6178 1 1660 540 465
37516 5615 6190 1 1660 540 463
37484 5592 6195 1 1660 540 463
37453 5569 6203 1 1660 540 461
37426 5551 6204 1 1660 540 457
37399 5535 6212 1 1660 540 468
37371 5519 6228 1 1650 550 466
37344 5506 6229 1 1650 550 457
37309 5493 6234 1 1650 550 464
37272 5481 6245 1 1650 550 450
37232 5472 6251 1 1650 550 446
37190 5463 6257 1 1650 550 453
37150 5457 6263 1 1650 550 444
37112 5451 6269 1 1650 550 454
37073 5447 6275 1 1650 560 440
37036 5444 6276 1 1650 560 440
37003 5440 6278 1 1630 560 452
36971 5436 6284 1 1630 560 439
36939 5438 6287 1 1630 560 444
36900 5442 6292 1 1630 560 445
36864 5446 6294 1 1630 560 438
36821 5452 6297 1 1630 560 445
36772 5457 6302 1 1630 560 439
36723 5462 6302 1 1630 560 428
36669 5467 6309 1 1630 560 442
36616 5472 6316 1 1630 560 417
36561 5477 6348 1 1630 560 425
36507 5483 6352 1 1630 560 424
36460 5490 6353 1 1630 560 421
36412 5497 6356 1 1630 560 424
36364 5503 6359 1 1620 560 421
36320 5511 6366 1 1620 560 412
36275 5520 6367 1 1620 560 419
36233 5529 6377 1 1620 560 422
36193 5539 6386 1 1620 560 414
36150 5550 6388 1 1620 560 419
36109 5562 6395 1 1620 560 415
36067 5575 6403 1 1620 560 421
36027 5591 6409 1 1620 560 422
35989 5613 6414 1 1620 560 409
35951 5638 6414 1 1620 560 421
35913 5668 6417 1 1600 550 411
35875 5704 6424 1 1600 550 411
35839 5751 6432 1 1600 550 414
35797 5806 6438 1 1600 550 409
35751 5841 6444 1 1600 550 421
35691 5865 6446 1 1600 550 420
35634 5891 6453 1 1600 550 403
35576 5920 6461 1 1600 550 427
35520 5951 6467 1 1590 550 408
35469 5989 6475 1 1590 550 398
35410 6033 6476 1 1590 550 419
35364 6077 6481 1 1590 550 414
35327 6124 6481 1 1590 550 428
35290 6167 6488 1 1590 550 431
35258 6211 6489 1 1590 550 423
35231 6257 6504 1 1590 550 445
35211 6298 6505 1 1590 550 441
35192 6336 6509 1 1590 550 432
35168 6377 6515 1 1590 550 441
35133 6422 6516 1 1590 550 432
35104 6468 6517 1 1590 550 444
35076 6520 6519 1 1590 550 450
35050 6569 6520 1 1590 550 430
35028 6609 6524 1 1590 550 457
35009 6649 6528 1 1590 550 434
34993 6687 6530 1 1590 550 456
34982 6726 6531 1 1580 550 460
34973 6771 6534 1 1580 550 452
34965 6819 6538 1 1580 550 459
34958 6870 6539 1 1580 550 467
34952 6923 6539 1 1580 550 460
34947 6971 6542 1 1580 550 468
34945 7018 6542 1 1580 550 454
34944 7069 6546 1 1580 550 476
34944 7120 6552 1 1580 550 464
34944 7173 6552 1 1580 550 461
34944 7230 6561 1 1580 550 466
34945 7287 6561 1 1580 550 460
34945 7341 6562 1 1580 550 456
34949 7396 6571 1 1580 550 470
34952 7448 6574 1 1580 550 460
34954 7499 6578 1 1580 550 471
34957 7552 6581 1 1580 550 460
34960 7605 6584 1 1580 550 456
34962 7652 6612 1 1580 550 465
34966 7699 6642 1 1580 550 478
34972 7743 6675 1 1580 550 464
34980 7784 6709 1 1590 550 471
34993 7830 6752 1 1590 550 465
35011 7876 6794 1 1590 550 464
35035 7922 6823 1 1590 550 464
35064 7963 6839 1 1590 550 458
35097 8001 6865 1 1600 540 474
35136 8042 6891 1 1600 540 464
35175 8092 6900 1 1600 540 463
35218 8144 6905 1 1610 550 470
35252 8197 6930 1 1610 550 460
35273 8243 6960 1 1610 550 465
35296 8286 6987 1 1610 550 467
35320 8324 6993 1 1610 550 456
35345 8348 6993 1 1610 550 470
35376 8373 7001 1 1610 550 457
35413 8398 7006 1 1610 550 447
35458 8430 7019 1 1630 550 457
35513 8460 7019 1 1630 550 444
35569 8489 7020 1 1630 550 449
35627 8517 7032 1 1630 540 453
35683 8542 7033 1 1630 540 435
35725 8559 7039 1 1630 540 454
35765 8576 7042 1 1630 540 450
35806 8590 7048 1 1630 540 450
35846 8605 7053 1 1630 540 449
35885 8618 7059 1 1630 540 448
35926 8629 7060 1 1640 530 458
35961 8639 7064 1 1640 530 449
35991 8646 7064 1 1640 530 441
36022 8654 7071 1 1650 530 453
36054 8659 7073 1 1650 530 447
36091 8663 7075 1 1660 520 444
36129 8667 7078 1 1660 520 447
36170 8670 7080 1 1660 520 437
36210 8673 7082 1 1660 520 445
36253 8674 7093 1 1660 510 433
36297 8675 7111 1 1660 510 424
36341 8676 7137 1 1670 510 437
36381 8677 7165 1 1670 510 421
36419 8678 7191 1 1670 510 419
36458 8678 7200 1 1670 510 420
36499 8679 7208 1 1670 510 418
36544 8680 7210 1 1690 500 427
36591 8678 7216 1 1690 500 421
36634 8676 7219 1 1690 500 411
36675 8673 7220 1 1690 500 424
36720 8671 7221 1 1700 510 420
36771 8667 7230 1 1700 510 421
36824 8662 7239 1 1700 510 423
36874 8659 7242 1 1700 510 415
36919 8657 7246 1 1700 510 424
36964 8656 7253 1 1710 510 404
37006 8654 7264 1 1710 510 385
37047 8651 7271 1 1710 510 401
37082 8646 7273 1 1710 510 394
37114 8639 7273 1 1710 510 396
37147 8632 7276 1 1710 510 400
37180 8624 7277 1 1710 510 394
37214 8616 7279 1 1710 510 397
37247 8605 7281 1 1710 510 393
37284 8593 7289 1 1730 510 380
37320 8577 7292 1 1720 520 381
37352 8561 7297 1 1720 520 372
37386 8539 7302 1 1720 520 374
37423 8514 7311 1 1720 520 380
37464 8493 7316 1 1720 520 374
37505 8473 7329 1 1720 520 376
37542 8453 7344 1 1720 520 365
37579 8431 7354 1 1740 520 356
37615 8405 7358 1 1740 520 368
37651 8378 7375 1 1740 520 363
37688 8345 7387 1 1730 530 366
37716 8312 7393 1 1730 530 380
37739 8278 7398 1 1730 530 370
37760 8242 7417 1 1730 530 386
37779 8205 7422 1 1730 530 385
37798 8164 7446 1 1730 530 385
37815 8129 7463 1 1730 530 398
37834 8100 7468 1 1720 530 397
37851 8072 7469 1 1720 530 394
37866 8043 7471 1 1720 530 398
37880 8011 7472 1 1720 530 402
37898 7974 7474 1 1720 530 417
37923 7936 7474 1 1720 530 424
37951 7897 7479 1 1720 530 428
37977 7862 7480 1 1720 530 435
37999 7827 7482 1 1720 530 425
38018 7794 7482 1 1720 530 437
38033 7761 7484 1 1720 530 433
38050 7729 7486 1 1720 530 440
38065 7697 7487 1 1720 520 447
38080 7664 7488 1 1720 520 446
38093 7635 7490 1 1720 520 439
38100 7609 7491 1 1720 520 447
38104 7586 7491 1 1720 520 437
38107 7563 7494 1 1720 520 441
38109 7538 7498 1 1720 520 439
38113 7507 7500 1 1720 520 440
38117 7474 7500 1 1720 520 456
38123 7438 7501 1 1720 520 451
38130 7398 7503 1 1720 520 451
38138 7358 7509 1 1720 520 458
38147 7317 7512 1 1720 520 461
38155 7278 7513 1 1720 530 465
38160 7242 7518 1 1720 530 456
38165 7206 7520 1 1720 530 456
38167 7170 7528 1 1720 530 466
38169 7136 7536 1 1720 530 468
38171 7103 7545 1 1720 530 460
38172 7076 7553 1 1720 530 466
38172 7051 7562 1 1720 530 461
38172 7024 7572 1 1720 530 464
38172 6992 7580 1 1720 540 463
38172 6954 7582 1 1720 540 460
38172 6912 7582 1 1720 540 471
38170 6871 7583 1 1720 540 474
38169 6834 7586 1 1720 540 455
38167 6802 7586 1 1720 540 471
38165 6772 7587 1 1720 540 463
38163 6744 7587 1 1720 540 477
38161 6720 7589 1 1720 540 470
38160 6695 7591 1 1720 530 461
38155 6673 7591 1 1720 530 474
38149 6648 7592 1 1720 530 469
38142 6624 7593 1 1720 530 471
38136 6597 7597 1 1710 530 469
38131 6568 7601 1 1710 520 462
38126 6539 7607 1 1710 520 472
38121 6510 7610 1 1710 520 471
38116 6483 7612 1 1710 520 455
38111 6455 7619 1 1710 520 468
38106 6427 7620 1 1710 520 464
38104 6393 7628 1 1710 520 468
38100 6362 7642 1 1710 520 468
38094 6343 7685 1 1710 520 462
38088 6327 7722 1 1710 530 469
38082 6312 7756 1 1710 530 470
38073 6294 7792 1 1710 530 458
38064 6270 7801 1 1710 530 482
38055 6248 7803 1 1710 530 477
38044 6223 7803 1 1700 540 474
38034 6200 7804 1 1700 540 479
38024 6175 7804 1 1700 540 467
38009 6145 7806 1 1700 540 481
37994 6119 7807 1 1700 540 472
37978 6095 7808 1 1700 540 460
37961 6076 7811 1 1690 530 470
37946 6059 7812 1 1690 530 468
37931 6043 7813 1 1690 530 465
37917 6029 7815 1 1690 530 472
37902 6015 7817 1 1690 530 466
37886 6000 7818 1 1690 530 485
37868 5987 7823 1 1690 530 485
37849 5971 7823 1 1690 530 474
37831 5957 7824 1 1680 530 484
37816 5944 7824 1 1680 530 476
37797 5928 7825 1 1680 530 471
37775 5912 7826 1 1680 530 474
37754 5896 7829 1 1680 530 468
37731 5879 7832 1 1680 530 476
37709 5865 7832 1 1680 530 468
37686 5852 7840 1 1680 530 460
37662 5822 7851 1 1680 530 474
37641 5799 7851 1 1680 530 470
37618 5774 7852 1 1680 530 468
37592 5747 7862 1 1680 530 472
37564 5721 7867 1 1680 530 467
37532 5694 7873 1 1680 530 479
37503 5673 7876 1 1680 530 472
37472 5653 7877 1 1680 530 465
37435 5629 7884 1 1660 530 474
37399 5610 7897 1 1660 540 468
37361 5591 7907 1 1660 540 467
37325 5579 7911 1 1660 540 471
37297 5572 7924 1 1660 540 463
37271 5566 7938 1 1660 540 475
37239 5559 7941 1 1660 540 473
37207 5553 7948 1 1660 540 460
37176 5546 7950 1 1660 540 472
37142 5537 7959 1 1660 540 464
37112 5529 7961 1 1660 540 464
37088 5521 7965 1 1660 540 465
37063 5512 7968 1 1650 550 462
37039 5503 7971 1 1650 550 470
37014 5496 7974 1 1650 550 460
36984 5488 7976 1 1640 550 458
36949 5480 7987 1 1640 550 466
36914 5472 7987 1 1640 550 456
36876 5468 7987 1 1640 550 459
36836 5465 7988 1 1640 550 456
36799 5463 7989 1 1640 550 438
36759 5462 7994 1 1640 550 445
36721 5460 8002 1 1640 550 439
36685 5459 8004 1 1640 550 433
36649 5458 8005 1 1640 550 436
36614 5457 8011 1 1640 550 434
36579 5456 8014 1 1640 550 423
36546 5456 8017 1 1640 550 431
36511 5458 8017 1 1640 550 427
36479 5461 8019 1 1630 550 429
36447 5465 8020 1 1630 550 428
36414 5468 8033 1 1630 550 425
36379 5472 8063 1 1630 550 430
36342 5478 8090 1 1620 560 423
36303 5488 8117 1 1620 560 410
36261 5500 8141 1 1620 560 421
36210 5515 8157 1 1620 560 401
36159 5534 8174 1 1620 560 405
36109 5554 8197 1 1620 560 414
36059 5578 8223 1 1600 550 403
36006 5606 8233 1 1600 550 413
35944 5642 8265 1 1600 550 401
35889 5687 8312 1 1600 550 407
35842 5735 8364 1 1600 550 408
35799 5795 8421 1 1600 550 396
35755 5832 8462 1 1600 550 405
35710 5864 8517 1 1610 550 409
35671 5895 8517 1 1610 550 398
35633 5923 8520 1 1610 550 417
35596 5955 8524 1 1600 540 400
35562 5989 8527 1 1600 540 398
35525 6026 8531 1 1600 540 412
35484 6062 8534 1 1600 540 405
35447 6099 8539 1 1600 540 414
35410 6139 8540 1 1600 540 403
35377 6180 8544 1 1590 550 397
35341 6226 8551 1 1590 550 413
35306 6272 8552 1 1590 550 405
35276 6312 8553 1 1590 550 400
35243 6345 8555 1 1590 550 408
35210 6379 8556 1 1590 550 405
35158 6414 8568 1 1590 550 413
35117 6445 8578 1 1590 550 422
35090 6477 8580 1 1590 550 398
35068 6510 8585 1 1590 550 422
35053 6539 8585 1 1590 550 406
35043 6570 8589 1 1590 550 418
35033 6600 8590 1 1590 550 416
35027 6628 8592 1 1600 540 408
35023 6656 8593 1 1600 540 429
35019 6684 8600 1 1600 540 432
35015 6710 8600 1 1600 540 429
35011 6735 8604 1 1600 540 445
35006 6762 8607 1 1600 540 443
35001 6795 8607 1 1600 540 448
34994 6829 8615 1 1600 540 436
34988 6866 8617 1 1600 540 437
34982 6902 8618 1 1600 540 449
34974 6936 8622 1 1600 540 450
34966 6974 8627 1 1600 540 446
34957 7016 8628 1 1600 540 447
34949 7061 8630 1 1600 540 440
34942 7102 8636 1 1600 540 443
34937 7142 8637 1 1590 550 446
34932 7176 8640 1 1590 550 433
34928 7206 8642 1 1590 550 449
34926 7236 8644 1 1590 550 445
34924 7266 8648 1 1590 550 437
34923 7297 8650 1 1590 550 441
34923 7330 8650 1 1580 560 430
34923 7363 8651 1 1580 560 448
34923 7395 8654 1 1580 560 445
34923 7430 8657 1 1580 560 436
34923 7465 8657 1 1580 560 449
34923 7500 8662 1 1580 560 443
34923 7533 8662 1 1580 560 450
34923 7568 8664 1 1590 550 457
34923 7601 8667 1 1590 550 448
34923 7633 8669 1 1590 550 456
34924 7663 8670 1 1590 550 458
34927 7692 8677 1 1590 550 450
34930 7722 8687 1 1590 550 455
34934 7759 8709 1 1590 550 447
34937 7796 8734 1 1590 550 449
34941 7832 8761 1 1590 550 456
34945 7869 8786 1 1600 540 449
34951 7907 8815 1 1610 550 451
34958 7946 8846 1 1610 550 457
34966 7983 8866 1 1610 550 443
34978 8024 8896 1 1610 550 459
34990 8067 8925 1 1610 550 436
35007 8123 8956 1 1610 550 445
35034 8183 9015 1 1610 550 449
35065 8234 9072 1 1610 550 435
35103 8281 9134 1 1610 550 450
35148 8322 9163 1 1610 550 437
35197 8355 9186 1 1610 550 438
35258 8385 9206 1 1620 540 454
35305 8410 9218 1 1630 540 442
35347 8433 9226 1 1630 540 443
35393 8460 9230 1 1630 540 443
35446 8486 9233 1 1630 540 432
35499 8515 9251 1 1630 540 436
35555 8546 9267 1 1630 540 429
35615 8573 9269 1 1640 540 415
35674 8596 9272 1 1640 540 428
35719 8613 9273 1 1640 540 414
35762 8627 9273 1 1640 540 413
35807 8640 9273 1 1650 530 423
35846 8650 9276 1 1650 530 418
35884 8657 9277 1 1650 530 438
35927 8663 9280 1 1650 530 435
35971 8669 9281 1 1660 520 427
36014 8673 9281 1 1660 520 435
36058 8677 9282 1 1660 520 418
36102 8681 9283 1 1670 520 412
36146 8684 9285 1 1670 520 412
36190 8686 9285 1 1670 510 408
36229 8689 9288 1 1670 510 414
36267 8691 9290 1 1670 510 413
36304 8693 9303 1 1690 510 410
36341 8693 9308 1 1690 510 423
36377 8693 9308 1 1690 510 419
36419 8692 9308 1 1690 510 415
36463 8691 9308 1 1700 520 413
36507 8690 9308 1 1700 520 402
36552 8689 9309 1 1700 520 415
36595 8684 9318 1 1710 520 406
36637 8677 9322 1 1710 510 392
36682 8669 9323 1 1710 510 402
36726 8661 9334 1 1710 510 394
36773 8652 9336 1 1710 510 384
36820 8642 9345 1 1730 510 375
36865 8631 9347 1 1730 510 376
36911 8620 9349 1 1730 510 390
36957 8609 9350 1 1730 510 388
37005 8596 9356 1 1730 510 376
37051 8589 9360 1 1730 510 390
37094 8580 9367 1 1730 510 386
37138 8571 9371 1 1740 510 389
37179 8563 9376 1 1740 510 396
37217 8554 9380 1 1740 510 385
37252 8546 9383 1 1740 510 396
37277 8537 9385 1 1740 510 381
37310 8527 9391 1 1740 520 381
37347 8516 9394 1 1740 520 393
37388 8502 9394 1 1740 520 392
37435 8487 9399 1 1750 520 406
37488 8468 9400 1 1750 520 403
37538 8449 9403 1 1750 520 392
37582 8427 9406 1 1750 520 401
37623 8404 9409 1 1750 520 392
37660 8380 9419 1 1750 520 405
37698 8351 9422 1 1750 530 412
37735 8323 9424 1 1750 530 406
37768 8295 9430 1 1750 530 416
37801 8272 9431 1 1750 530 410
37829 8250 9434 1 1750 530 408
37858 8226 9438 1 1750 530 417
37885 8201 9439 1 1750 530 412
37914 8173 9443 1 1750 530 405
37942 8142 9446 1 1750 530 424
37967 8108 9449 1 1750 530 414
37991 8069 9452 1 1750 530 426
38013 8029 9461 1 1730 530 422
38038 7996 9470 1 1730 530 424
38060 7960 9490 1 1730 530 433
38077 7924 9507 1 1730 530 425
38092 7887 9513 1 1730 530 428
38109 7852 9517 1 1730 530 439
38126 7813 9543 1 1730 530 433
38140 7774 9552 1 1730 530 449
38149 7733 9563 1 1730 530 445
38157 7692 9563 1 1730 530 439
38165 7648 9581 1 1740 520 447
38173 7603 9594 1 1740 520 450
38181 7557 9598 1 1740 520 444
38189 7508 9623 1 1740 520 458
38198 7456 9623 1 1740 520 448
38206 7402 9633 1 1740 520 465
38212 7350 9648 1 1740 520 462
38214 7299 9663 1 1730 530 454
38216 7244 9673 1 1730 530 470
38216 7191 9688 1 1730 530 464
38216 7134 9695 1 1730 530 463
38215 7076 9697 1 1730 530 469
38213 7021 9714 1 1730 530 466
38210 6968 9720 1 1730 530 480
38207 6920 9724 1 1730 530 470
38202 6878 9728 1 1730 540 477
38192 6834 9729 1 1730 540 469
38183 6792 9733 1 1730 540 475
38175 6753 9734 1 1730 540 469
38168 6714 9737 1 1730 540 477
38160 6679 9739 1 1730 540 468
38150 6644 9739 1 1730 530 481
38140 6614 9742 1 1730 530 477
38130 6585 9744 1 1730 530 471
38121 6555 9745 1 1720 530 480
38112 6524 9754 1 1720 530 482
38105 6491 9783 1 1720 530 477
38100 6458 9811 1 1720 520 483
38096 6428 9838 1 1720 520 470
38090 6402 9865 1 1720 520 486
38080 6379 9900 1 1720 520 481
38067 6361 9940 1 1720 520 476
38053 6341 9966 1 1720 520 482
38037 6322 9966 1 1720 530 476
38020 6305 9966 1 1720 530 476
38003 6283 9969 1 1720 530 481
37988 6261 9971 1 1720 530 476
37971 6238 9978 1 1720 530 482
37955 6217 9981 1 1720 530 482
37938 6194 9987 1 1720 540 471
37920 6171 9990 1 1700 540 486
37900 6146 10007 1 1700 540 478
37880 6118 10009 1 1700 540 480
37860 6091 10011 1 1700 540 479
37839 6066 10014 1 1700 540 472
37818 6042 10016 1 1700 540 481
37798 6025 10022 1 1700 540 478
37778 6010 10023 1 1700 540 465
37757 5996 10033 1 1690 530 479
37736 5983 10042 1 1690 530 474
37713 5969 10047 1 1690 530 479
37690 5957 10060 1 1690 530 481
37664 5944 10060 1 1690 530 475
37636 5931 10076 1 1690 530 482
37604 5894 10079 1 1690 530 477
37565 5847 10080 1 1690 530 466
37526 5802 10082 1 1690 530 476
37484 5760 10090 1 1690 530 467
37444 5719 10094 1 1690 530 466
37402 5683 10095 1 1690 530 476
37347 5641 10098 1 1690 540 470
37296 5608 10104 1 1690 540 476
37251 5583 10116 1 1690 540 473
37209 5561 10119 1 1690 540 467
37179 5545 10121 1 1690 540 482
37150 5531 10136 1 1690 540 476
37111 5516 10138 1 1670 540 472
37080 5502 10147 1 1670 540 476
37053 5491 10160 1 1670 550 473
37023 5482 10161 1 1670 550 486
36994 5474 10165 1 1670 550 479
36967 5468 10182 1 1670 550 472
36939 5464 10185 1 1670 550 477
36909 5459 10199 1 1670 550 471
36879 5455 10201 1 1670 550 466
36852 5452 10201 1 1670 550 471
36821 5451 10206 1 1650 550 466
36790 5450 10209 1 1650 560 472
36753 5451 10212 1 1650 560 471
36696 5455 10216 1 1650 560 464
36644 5459 10219 1 1650 560 477
36590 5462 10221 1 1650 560 455
36538 5464 10226 1 1650 560 461
36488 5467 10230 1 1650 560 465
36438 5471 10234 1 1650 560 459
36384 5474 10237 1 1650 560 464
36329 5480 10241 1 1630 560 453
36272 5490 10242 1 1630 560 451
36219 5500 10250 1 1630 560 447
36158 5511 10254 1 1630 560 445
36097 5527 10274 1 1630 560 441
36044 5549 10275 1 1630 560 449
35983 5578 10280 1 1630 560 441
35921 5611 10287 1 1630 560 448
35861 5650 10291 1 1630 550 451
35796 5692 10294 1 1630 550 427
35741 5735 10295 1 1630 550 450
35695 5782 10298 1 1630 550 436
35641 5825 10300 1 1600 550 441
35588 5857 10301 1 1600 550 437
35539 5891 10354 1 1600 550 431
35493 5936 10414 1 1600 550 441
35452 5966 10420 1 1600 550 433
35415 5990 10420 1 1600 550 422
35384 6020 10420 1 1600 550 450
35355 6054 10421 1 1600 550 441
35326 6093 10422 1 1600 550 444
35299 6137 10425 1 1600 550 447
35274 6187 10428 1 1600 550 436
35252 6237 10435 1 1600 550 447
35231 6278 10444 1 1600 550 459
35197 6320 10444 1 1600 550 424
35160 6362 10452 1 1600 550 453
35124 6408 10454 1 1600 550 441
35092 6454 10458 1 1600 550 430
35064 6502 10467 1 1600 550 457
35038 6553 10472 1 1600 550 445
35018 6601 10480 1 1600 550 459
35000 6648 10487 1 1600 550 459
34986 6683 10487 1 1610 550 460
34977 6715 10495 1 1610 550 476
34970 6742 10502 1 1610 550 466
34964 6777 10509 1 1610 550 475
34960 6813 10509 1 1610 550 463
34956 6851 10512 1 1610 550 469
34953 6894 10513 1 1610 550 473
34951 6942 10514 1 1610 550 470
34952 6999 10515 1 1610 550 465
34952 7058 10515 1 1610 550 475
34952 7112 10518 1 1600 550 461
34952 7170 10522 1 1600 550 484
34952 7230 10529 1 1600 550 461
34952 7285 10533 1 1600 550 458
34952 7344 10543 1 1600 550 477
34953 7397 10547 1 1600 550 465
34955 7443 10551 1 1600 550 467
34961 7492 10551 1 1600 550 494
34970 7542 10552 1 1600 550 470
34979 7590 10554 1 1600 550 483
34991 7631 10559 1 1600 550 483
35002 7674 10567 1 1600 550 467
35015 7721 10568 1 1600 550 485
35030 7772 10569 1 1600 550 464
35052 7825 10589 1 1600 550 469
35081 7876 10635 1 1600 550 478
35116 7930 10636 1 1600 550 476
35157 7978 10657 1 1610 550 492
35200 8031 10658 1 1630 550 488
35253 8088 10694 1 1630 550 477
35299 8142 10695 1 1630 550 478
35328 8188 10697 1 1630 550 484
35362 8232 10730 1 1630 550 484
35396 8272 10734 1 1640 550 481
35427 8311 10748 1 1640 540 478
35462 8347 10760 1 1640 540 485
35498 8381 10771 1 1640 540 478
35543 8414 10777 1 1640 540 463
35599 8444 10795 1 1660 540 477
35656 8473 10795 1 1660 540 475
35701 8495 10801 1 1660 540 469
35742 8513 10818 1 1660 540 476
35783 8529 10826 1 1660 540 467
35828 8544 10839 1 1660 540 474
35876 8561 10841 1 1660 540 461
35926 8577 10850 1 1660 530 451
35973 8591 10865 1 1660 530 459
36020 8603 10874 1 1660 530 450
36065 8610 10894 1 1660 530 446
36110 8615 10897 1 1660 530 450
36161 8619 10899 1 1670 520 441
36212 8620 10920 1 1680 520 450
36263 8621 10926 1 1680 520 445
36315 8619 10942 1 1680 520 437
36369 8616 10963 1 1680 520 448
36425 8614 10967 1 1690 510 441
36482 8613 10970 1 1700 520 427
36539 8614 10983 1 1700 520 419
36594 8614 10991 1 1700 520 411
36646 8613 10991 1 1710 520 418
36695 8613 10991 1 1710 520 403
36739 8613 10995 1 1710 510 400
36779 8613 10995 1 1730 510 409
36817 8614 10998 1 1730 510 395
36853 8614 10999 1 1730 510 398
36886 8615 11002 1 1730 510 410
36921 8613 11003 1 1730 510 400
36955 8608 11004 1 1740 510 413
36992 8603 11008 1 1740 510 411
37032 8596 11013 1 1740 510 405
37071 8589 11017 1 1740 510 413
37114 8579 11023 1 1740 510 403
37159 8569 11024 1 1740 510 406
37203 8559 11028 1 1740 510 409
37247 8547 11030 1 1740 510 395
37288 8535 11032 1 1750 510 394
37329 8519 11034 1 1750 510 396
37383 8501 11034 1 1750 510 393
37435 8481 11047 1 1750 520 415
37486 8460 11065 1 1750 520 399
37532 8438 11078 1 1750 520 392
37577 8415 11108 1 1750 520 390
37619 8389 11113 1 1750 520 391
37660 8358 11114 1 1750 520 398
37697 8325 11148 1 1750 520 403
37729 8287 11161 1 1750 520 389
37757 8244 11180 1 1750 530 408
37783 8198 11188 1 1750 530 402
37808 8153 11208 1 1750 530 412
37835 8107 11213 1 1750 530 419
37861 8059 11242 1 1750 530 411
37892 8000 11251 1 1750 530 427
37921 7945 11268 1 1750 530 430
37957 7886 11272 1 1750 530 424
37990 7834 11289 1 1750 530 442
38017 7793 11301 1 1750 530 427
38040 7749 11329 1 1750 530 437
38058 7706 11331 1 1750 530 440
38076 7663 11336 1 1750 520 434
38092 7616 11353 1 1740 520 442
38105 7576 11371 1 1740 520 441
38113 7537 11372 1 1730 530 430
38120 7494 11389 1 1730 530 443
38129 7443 11393 1 1730 530 440
38136 7383 11409 1 1730 530 440
38146 7320 11413 1 1730 530 441
38156 7258 11426 1 1730 530 445
38163 7199 11438 1 1730 530 451
38169 7150 11446 1 1730 530 447
38173 7103 11447 1 1730 530 439
38176 7055 11449 1 1730 530 456
38177 7014 11451 1 1730 530 454
38178 6975 11454 1 1730 530 457
38177 6941 11454 1 1730 530 454
38175 6904 11457 1 1730 530 448
38173 6866 11458 1 1730 530 466
38171 6821 11461 1 1730 540 463
38168 6776 11467 1 1730 540 462
38167 6731 11471 1 1730 540 466
38165 6688 11479 1 1730 540 469
38163 6651 11487 1 1730 540 482
38160 6615 11490 1 1730 530 477
38157 6581 11495 1 1730 530 471
38152 6551 11499 1 1730 530 485
38145 6524 11509 1 1730 530 482
38136 6499 11517 1 1730 530 476
38128 6476 11520 1 1730 530 488
38119 6455 11527 1 1730 530 481
38110 6432 11529 1 1730 530 484
38097 6414 11530 1 1730 530 480
38080 6396 11556 1 1730 530 477
38057 6374 11562 1 1730 530 493
38030 6349 11565 1 1730 530 481
37996 6321 11578 1 1730 530 473
37964 6292 11582 1 1730 530 485
37929 6265 11586 1 1720 530 477
37892 6233 11594 1 1720 530 480
37864 6204 11594 1 1720 530 475
37836 6177 11594 1 1720 530 467
37804 6152 11599 1 1720 540 482
37772 6130 11605 1 1720 540 475
37741 6109 11607 1 1720 540 470
37713 6090 11627 1 1720 540 476
37684 6059 11629 1 1700 540 464
37650 6006 11630 1 1700 540 475
37615 5954 11646 1 1700 540 478
37578 5905 11646 1 1700 540 460
37538 5863 11649 1 1700 540 472
37496 5826 11664 1 1700 540 470
37459 5792 11665 1 1700 540 465
37419 5758 11667 1 1690 530 469
37383 5730 11671 1 1690 540 467
37343 5703 11686 1 1690 540 475
37297 5675 11690 1 1690 540 469
37247 5644 11696 1 1690 540 461
37193 5615 11697 1 1690 540 474
37152 5591 11702 1 1690 540 458
37121 5572 11714 1 1690 540 447
37091 5554 11714 1 1680 550 444
37059 5540 11715 1 1680 550 438
37029 5528 11715 1 1680 550 449
37000 5517 11726 1 1680 550 447
36971 5507 11730 1 1680 550 429
36937 5496 11731 1 1680 550 449
36905 5486 11734 1 1680 550 441
36871 5478 11734 1 1680 550 437
36830 5472 11739 1 1660 560 441
36791 5468 11743 1 1660 560 431
36748 5463 11743 1 1660 560 442
36708 5457 11751 1 1660 560 442
36651 5457 11751 1 1660 560 436
36599 5460 11754 1 1660 560 438
36554 5463 11764 1 1660 560 430
36511 5467 11776 1 1660 560 424
36463 5471 11776 1 1650 560 431
36422 5477 11796 1 1650 560 420
36385 5482 11796 1 1650 560 427
36344 5487 11798 1 1650 560 412
36300 5494 11800 1 1650 560 404
36248 5500 11821 1 1650 560 410
36191 5506 11827 1 1650 560 409
36134 5513 11830 1 1630 560 398
36078 5523 11835 1 1630 560 408
36026 5536 11846 1 1630 560 398
35969 5555 11855 1 1630 560 409
35907 5584 11856 1 1630 560 411
35848 5623 11878 1 1630 560 392
35780 5673 11880 1 1630 560 417
35713 5732 11881 1 1620 560 404
35638 5803 11882 1 1620 560 393
35565 5878 11884 1 1620 560 401
35502 5966 11899 1 1620 560 390
35449 6064 11907 1 1620 560 409
35407 6138 11920 1 1620 560 396
35370 6184 11925 1 1620 560 375
35340 6232 11930 1 1620 560 403
35319 6278 11930 1 1620 560 406
35296 6319 11942 1 1620 560 401
35271 6369 11949 1 1620 560 417
35245 6419 11956 1 1620 560 425
35185 6479 11956 1 1620 560 432
35131 6541 11961 1 1620 560 435
35083 6614 11970 1 1620 560 417
35045 6675 11973 1 1620 560 411
35019 6721 11979 1 1630 550 410
35005 6760 11983 1 1630 550 413
34998 6794 11988 1 1630 550 430
34994 6827 11992 1 1630 550 424
34991 6866 11995 1 1630 550 432
34987 6908 11998 1 1630 550 427
34982 6952 12005 1 1630 550 423
34978 6996 12011 1 1630 550 448
34974 7040 12012 1 1630 550 438
34967 7089 12014 1 1630 550 434
34960 7137 12017 1 1630 550 428
34953 7190 12021 1 1630 550 439
34950 7241 12027 1 1630 550 432
34949 7291 12033 1 1620 560 433
34949 7335 12037 1 1620 560 428
34949 7383 12044 1 1620 560 443
34948 7427 12048 1 1620 560 433
34948 7469 12054 1 1620 560 447
34948 7505 12057 1 1620 560 440
34948 7541 12058 1 1620 560 437
34948 7575 12063 1 1620 560 446
34950 7608 12074 1 1620 560 438
34955 7643 12076 1 1620 560 442
34963 7680 12082 1 1620 560 431
34973 7719 12082 1 1620 560 424
34988 7763 12084 1 1620 560 424
35008 7804 12084 1 1620 560 413
35030 7843 12086 1 1620 560 419
35057 7880 12096 1 1620 560 440
35081 7908 12096 1 1630 550 437
35106 7937 12118 1 1630 550 448
35135 7969 12146 1 1640 550 451
35170 8003 12177 1 1640 550 442
35207 8040 12210 1 1640 550 451
35257 8082 12242 1 1640 550 448
35313 8129 12257 1 1640 540 435
35348 8170 12269 1 1640 540 453
35386 8210 12281 1 1640 540 446
35426 8249 12293 1 1640 540 437
35473 8288 12313 1 1640 540 438
35532 8331 12344 1 1660 540 441
35595 8373 12382 1 1660 540 442
35658 8413 12420 1 1660 540 438
35708 8447 12437 1 1660 540 425
35755 8478 12455 1 1660 540 439
35805 8504 12473 1 1660 540 443
35859 8528 12492 1 1660 540 434
35912 8550 12517 1 1660 540 453
35966 8568 12540 1 1680 530 439
36017 8582 12560 1 1680 530 448
36068 8593 12575 1 1680 530 436
36112 8599 12580 1 1680 530 424
36160 8605 12580 1 1680 530 441
36216 8610 12584 1 1680 530 424
36275 8614 12586 1 1690 530 410
36339 8617 12597 1 1690 530 419
36406 8619 12613 1 1690 530 405
36476 8620 12632 1 1710 530 413
36538 8622 12652 1 1710 520 396
36594 8624 12664 1 1710 520 377
36643 8626 12670 1 1710 520 388
36688 8628 12670 1 1720 520 388
36726 8629 12672 1 1720 520 384
36763 8631 12673 1 1720 520 401
36797 8632 12676 1 1740 520 389
36828 8632 12679 1 1740 520 401
36863 8632 12687 1 1740 510 389
36894 8632 12689 1 1740 510 378
36925 8631 12691 1 1750 510 389
36960 8631 12693 1 1750 510 378
36993 8629 12698 1 1750 510 367
37026 8624 12701 1 1750 510 370
37062 8619 12702 1 1750 510 349
37096 8614 12704 1 1750 510 357
37130 8607 12706 1 1750 510 353
37168 8598 12712 1 1750 510 338
37205 8588 12714 1 1750 510 353
37242 8577 12718 1 1750 510 343
37278 8563 12723 1 1760 510 332
37310 8549 12726 1 1760 510 338
37340 8533 12727 1 1760 510 326
37378 8515 12739 1 1760 510 335
37423 8493 12739 1 1760 520 339
37474 8468 12740 1 1760 520 333
37526 8440 12741 1 1760 520 351
37573 8408 12749 1 1760 520 345
37621 8375 12752 1 1760 520 350
37665 8337 12754 1 1760 520 360
37708 8300 12760 1 1760 520 365
37750 8261 12762 1 1760 520 368
37792 8220 12768 1 1760 520 373
37833 8179 12769 1 1760 530 364
37860 8145 12772 1 1760 530 381
37893 8114 12775 1 1760 530 370
37918 8084 12775 1 1760 530 381
37939 8057 12782 1 1760 530 386
37959 8031 12790 1 1760 530 385
37976 8007 12799 1 1760 530 394
37995 7985 12801 1 1760 530 392
38011 7962 12802 1 1760 530 384
38026 7939 12802 1 1760 530 397
38042 7917 12808 1 1760 520 387
38058 7894 12817 1 1760 520 393
38076 7867 12826 1 1760 520 399
38093 7839 12830 1 1760 520 392
38107 7808 12832 1 1760 520 411
38118 7778 12833 1 1760 520 406
38124 7748 12834 1 1750 520 405
38127 7717 12843 1 1750 520 419
38128 7686 12850 1 1750 520 402
38126 7655 12851 1 1750 520 405
38125 7612 12860 1 1750 520 411
38124 7559 12861 1 1750 520 418
38127 7500 12868 1 1750 520 425
38140 7429 12870 1 1750 530 418
38156 7348 12880 1 1750 530 415
38167 7267 12883 1 1750 530 430
38173 7185 12883 1 1750 530 421
38175 7115 12885 1 1750 530 419
38175 7047 12885 1 1750 530 423
38172 6988 12889 1 1750 530 419
38170 6934 12894 1 1750 530 433
38166 6884 12902 1 1750 530 431
38156 6844 12906 1 1750 530 429
38146 6809 12907 1 1750 530 440
38136 6777 12917 1 1750 530 427
38127 6744 12918 1 1750 520 423
38116 6711 12927 1 1750 520 427
38106 6672 12929 1 1750 520 419
38097 6628 12933 1 1750 520 433
38087 6586 12933 1 1750 510 432
38077 6539 12935 1 1740 510 423
38059 6493 12935 1 1740 510 433
38037 6451 12936 1 1740 510 429
38018 6412 12941 1 1740 510 432
37992 6389 12941 1 1740 510 435
37964 6367 12944 1 1740 510 429
37934 6345 12946 1 1740 510 438
37904 6324 12950 1 1740 520 437
37871 6302 12960 1 1740 520 431
37831 6280 12960 1 1730 530 440
37793 6260 12964 1 1730 530 436
37755 6242 12967 1 1730 530 438
37715 6222 12968 1 1730 530 436
37690 6203 12968 1 1730 540 430
37662 6183 12977 1 1720 540 438
37634 6125 12979 1 1720 540 440
37603 6072 12983 1 1720 540 440
37574 6028 12985 1 1720 540 442
37543 5982 12986 1 1720 540 437
37511 5937 12991 1 1720 540 446
37479 5895 12992 1 1700 540 438
37447 5850 12993 1 1700 540 438
37416 5815 12994 1 1700 540 443
37391 5792 12995 1 1700 540 439
37367 5772 12997 1 1700 540 438
37344 5754 13001 1 1700 540 442
37325 5738 13001 1 1700 550 437
37305 5720 13008 1 1700 550 433
37285 5701 13022 1 1700 550 436
37267 5685 13024 1 1700 550 431
37247 5669 13025 1 1700 550 438
37226 5653 13030 1 1700 550 438
37202 5639 13036 1 1700 550 432
37176 5625 13055 1 1700 550 441
37160 5613 13056 1 1700 550 438
37145 5600 13062 1 1700 550 447
37132 5590 13073 1 1700 550 443
37117 5581 13074 1 1700 550 433
37099 5574 13080 1 1690 540 442
37076 5568 13092 1 1690 540 439
37050 5561 13101 1 1680 550 440
37023 5554 13103 1 1680 550 446
36994 5548 13112 1 1680 550 435
36968 5542 13113 1 1680 550 442
36939 5540 13119 1 1680 550 439
36888 5543 13124 1 1680 550 431
36831 5549 13136 1 1680 550 442
36772 5556 13139 1 1670 550 439
36702 5559 13140 1 1670 550 437
36645 5560 13141 1 1670 550 437
36592 5564 13142 1 1670 550 431
36537 5566 13143 1 1670 550 438
36478 5566 13143 1 1670 550 436
36421 5568 13144 1 1670 550 428
36361 5570 13145 1 1650 550 437
36297 5575 13145 1 1650 550 430
36233 5581 13147 1 1650 550 424
36171 5590 13151 1 1650 550 435
36110 5603 13152 1 1650 550 424
36052 5620 13157 1 1650 550 428
35989 5641 13159 1 1650 550 436
35921 5661 13161 1 1640 550 411
35852 5685 13163 1 1640 550 432
35788 5720 13170 1 1640 550 432
35733 5755 13170 1 1640 550 415
35670 5781 13170 1 1640 550 429
35604 5817 13175 1 1640 550 411
35547 5858 13176 1 1630 560 409
35497 5901 13177 1 1630 560 412
35455 5954 13182 1 1630 560 399
35419 6013 13183 1 1620 560 435
35386 6082 13220 1 1620 560 419
35354 6150 13267 1 1620 560 430
35324 6225 13310 1 1620 560 433
35292 6305 13348 1 1620 560 428
35234 6405 13349 1 1620 560 445
35174 6492 13362 1 1620 560 440
35123 6567 13364 1 1620 560 424
35078 6628 13372 1 1620 560 443
35042 6674 13373 1 1620 560 446
35017 6710 13383 1 1620 560 430
34995 6750 13383 1 1620 560 444
34978 6787 13385 1 1620 560 429
34965 6820 13391 1 1620 560 445
34956 6853 13393 1 1620 560 448
34951 6883 13393 1 1620 560 437
34946 6912 13396 1 1630 550 458
34943 6941 13398 1 1630 550 450
34942 6973 13404 1 1630 550 445
34942 7013 13404 1 1630 550 439
34941 7063 13406 1 1630 550 431
34941 7118 13409 1 1630 550 449
34941 7169 13416 1 1630 550 447
34941 7217 13417 1 1630 550 428
34941 7259 13419 1 1630 550 448
34940 7300 13423 1 1630 550 440
34940 7339 13429 1 1630 550 441
34945 7376 13430 1 1630 550 438
34948 7414 13431 1 1630 550 449
34958 7451 13434 1 1630 550 452
34970 7498 13435 1 1630 550 447
34982 7556 13436 1 1630 550 440
34998 7610 13439 1 1630 550 458
35011 7665 13440 1 1630 550 452
35026 7717 13440 1 1640 550 440
35049 7776 13441 1 1640 550 445
35083 7842 13443 1 1640 550 436
35131 7908 13446 1 1640 550 455
35198 7975 13450 1 1640 550 437
35281 8033 13450 1 1640 550 438
35359 8087 13451 1 1640 550 448
35403 8146 13455 1 1650 550 439
35453 8204 13455 1 1660 540 448
35508 8258 13456 1 1660 540 450
35567 8304 13457 1 1660 540 444
35633 8347 13457 1 1660 540 457
35693 8384 13458 1 1660 540 450
35752 8414 13458 1 1670 540 446
35814 8445 13458 1 1670 540 452
35874 8473 13459 1 1670 540 440
35937 8497 13459 1 1670 540 444
36002 8519 13459 1 1670 540 447
36063 8537 13463 1 1680 530 441
36120 8551 13471 1 1680 530 445
36175 8565 13471 1 1680 530 447
36229 8576 13476 1 1690 530 436
36284 8586 13478 1 1690 530 443
36340 8596 13483 1 1690 530 432
36395 8606 13489 1 1690 530 423
36449 8616 13489 1 1710 530 412
36504 8625 13495 1 1710 530 405
36555 8632 13497 1 1710 530 423
36600 8639 13499 1 1720 530 415
36649 8644 13500 1 1720 530 400
36699 8647 13516 1 1730 530 410
36746 8649 13530 1 1740 520 403
36791 8648 13532 1 1740 520 400
36842 8646 13542 1 1740 520 390
36892 8645 13544 1 1750 520 372
36943 8643 13554 1 1750 520 387
36993 8638 13571 1 1750 510 380
37040 8629 13571 1 1750 510 371
37087 8620 13588 1 1760 510 393
37135 8611 13594 1 1760 510 372
37189 8601 13604 1 1760 510 377
37243 8590 13610 1 1760 510 376
37292 8578 13614 1 1760 510 364
37336 8567 13623 1 1760 510 372
37369 8556 13635 1 1760 510 370
37398 8546 13644 1 1760 510 365
37428 8535 13648 1 1760 510 377
37458 8523 13652 1 1760 510 374
37490 8510 13658 1 1760 510 375
37527 8496 13665 1 1780 510 372
37558 8482 13676 1 1780 510 365
37587 8468 13687 1 1780 510 374
37621 8449 13693 1 1770 520 369
37654 8430 13697 1 1770 520 370
37686 8409 13702 1 1770 520 380
37717 8382 13703 1 1770 520 374
37744 8354 13711 1 1770 520 388
37765 8328 13720 1 1770 520 387
37783 8303 13725 1 1770 520 387
37797 8278 13725 1 1770 520 400
37809 8248 13739 1 1770 520 403
37825 8219 13748 1 1770 520 414
37849 8189 13752 1 1770 520 422
37875 8155 13761 1 1770 520 418
37902 8117 13767 1 1770 520 434
37931 8080 13774 1 1770 520 430
37960 8047 13777 1 1770 520 423
37986 8012 13780 1 1770 520 438
38012 7981 13785 1 1770 520 431
38032 7950 13788 1 1770 520 425
38048 7920 13790 1 1770 520 438
38065 7887 13796 1 1770 520 433
38079 7853 13805 1 1770 520 444
38093 7817 13822 1 1770 520 451
38103 7786 13827 1 1770 520 439
38110 7748 13842 1 1770 520 457
38114 7714 13842 1 1770 520 453
38114 7684 13862 1 1770 520 445
38113 7655 13864 1 1770 520 451
38112 7627 13889 1 1770 520 441
38111 7589 13893 1 1760 520 442
38108 7544 13896 1 1760 520 449
38106 7496 13920 1 1760 520 449
38103 7443 13924 1 1760 530 461
38099 7391 13942 1 1760 530 453
38094 7336 13947 1 1760 530 454
38089 7279 13947 1 1760 530 456
38083 7219 13954 1 1760 530 455
38078 7164 13954 1 1760 530 463
38072 7112 13963 1 1760 530 456
38066 7063 13969 1 1760 530 444
38062 7013 13976 1 1760 530 461
38055 6963 13983 1 1760 530 462
38048 6909 13984 1 1760 540 454
38040 6859 13985 1 1760 540 465
38035 6812 13990 1 1760 540 451
38031 6758 13994 1 1760 540 459
38028 6709 13997 1 1760 540 456
38023 6660 14001 1 1760 540 447
38016 6617 14019 1 1750 540 463
38006 6576 14027 1 1750 530 452
37999 6539 14045 1 1750 530 459
37992 6506 14051 1 1750 530 460
37983 6478 14070 1 1750 530 457
37976 6454 14071 1 1750 530 458
37970 6433 14097 1 1750 530 454
37967 6410 14112 1 1750 520 448
37958 6389 14112 1 1750 520 461
37943 6370 14128 1 1750 520 457
37929 6351 14137 1 1750 520 456
37914 6334 14137 1 1750 520 457
37901 6316 14140 1 1750 520 450
37887 6297 14145 1 1750 520 460
37868 6281 14148 1 1750 520 460
37849 6268 14153 1 1750 520 448
37829 6255 14154 1 1750 520 460
37808 6242 14155 1 1750 530 456
37787 6229 14158 1 1750 530 454
37759 6189 14159 1 1730 530 458
37729 6148 14160 1 1730 530 455
37697 6124 14162 1 1730 530 459
37666 6099 14166 1 1730 530 455
37640 6075 14166 1 1730 530 448
37621 6051 14172 1 1730 530 457
37603 6027 14175 1 1730 530 448
37580 5999 14176 1 1730 540 444
37557 5971 14179 1 1730 540 460
37532 5935 14181 1 1730 540 444
37510 5902 14182 1 1730 540 462
37495 5877 14183 1 1730 540 451
37477 5851 14187 1 1720 540 443
37461 5826 14190 1 1720 540 461
37446 5804 14191 1 1720 540 446
37429 5782 14192 1 1720 540 441
37415 5761 14192 1 1720 540 446
37401 5742 14197 1 1720 540 438
37386 5722 14198 1 1720 540 443
37373 5706 14206 1 1720 540 438
37360 5690 14213 1 1720 540 435
37347 5675 14213 1 1720 540 446
37335 5663 14221 1 1720 540 442
37319 5649 14223 1 1720 540 439
37303 5635 14232 1 1720 540 446
37289 5625 14238 1 1720 540 438
37275 5612 14244 1 1720 540 442
37255 5601 14249 1 1710 550 444
37236 5591 14252 1 1710 550 434
37212 5580 14257 1 1710 550 444
37191 5571 14264 1 1710 550 436
37174 5563 14274 1 1700 550 439
37157 5556 14275 1 1700 550 438
37141 5550 14284 1 1700 550 435
37124 5544 14285 1 1700 550 436
37107 5540 14299 1 1700 550 428
37090 5536 14302 1 1700 550 427
37065 5528 14304 1 1700 560 439
37043 5517 14318 1 1700 560 436
37020 5508 14321 1 1700 560 436
36989 5501 14332 1 1700 560 429
36958 5494 14334 1 1680 550 423
36929 5487 14334 1 1680 550 418
36892 5480 14338 1 1680 550 398
36851 5475 14342 1 1680 550 404
36783 5478 14346 1 1680 550 405
36698 5483 14351 1 1680 550 393
36618 5487 14353 1 1680 550 398
36546 5494 14355 1 1670 550 400
36470 5502 14355 1 1660 560 378
36394 5511 14356 1 1660 560 388
36320 5523 14360 1 1660 560 380
36254 5535 14361 1 1660 560 376
36194 5548 14363 1 1670 550 388
36137 5563 14364 1 1670 550 376
36083 5579 14366 1 1650 550 386
36028 5595 14372 1 1650 550 384
35973 5614 14379 1 1650 550 381
35915 5633 14381 1 1650 550 381
35848 5658 14388 1 1650 550 391
35782 5688 14395 1 1650 550 380
35700 5715 14402 1 1640 550 403
35616 5744 14404 1 1640 550 381
35550 5778 14414 1 1640 550 390
35499 5812 14414 1 1640 550 393
35460 5848 14415 1 1640 550 378
35426 5887 14416 1 1640 550 402
35390 5934 14418 1 1640 550 407
35354 5990 14421 1 1640 550 396
35314 6050 14421 1 1640 550 420
35277 6116 14425 1 1640 550 413
35226 6191 14426 1 1640 550 424
35161 6284 14428 1 1640 550 410
35113 6387 14431 1 1640 550 401
35075 6498 14432 1 1640 550 431
35049 6596 14434 1 1640 550 416
35031 6680 14434 1 1640 550 417
35019 6763 14434 1 1640 550 438
35012 6845 14440 1 1640 550 437
35004 6931 14448 1 1640 550 440
34997 6963 14452 1 1640 550 450
34991 6989 14458 1 1640 550 433
34987 7006 14477 1 1640 550 465
34983 7026 14500 1 1640 550 466
34981 7047 14526 1 1640 550 451
34978 7068 14552 1 1640 550 458
34974 7090 14583 1 1640 550 450
34973 7115 14618 1 1640 550 460
34974 7139 14652 1 1640 550 459
34974 7166 14681 1 1640 550 451
34974 7196 14707 1 1640 550 464
34975 7230 14724 1 1640 550 458
34980 7269 14745 1 1640 550 457
34989 7311 14775 1 1640 550 458
35002 7346 14804 1 1640 550 448
35016 7378 14828 1 1630 560 450
35039 7412 14849 1 1630 560 435
35067 7451 14869 1 1630 560 424
35108 7487 14888 1 1630 560 415
35161 7521 14906 1 1650 560 384
35232 7565 14930 1 1650 560 342
35327 7641 14962 1 1650 560 279
35412 7728 14986 1 1650 560 177
35489 7841 15003 1 1650 560 17
